 Node            Displacements                Applied/reaction forces
number     1-direction     2-direction      1-direction     2-direction
     1     0.000000000     0.000000000      0.000000000     0.000000000
     2     0.000000000     0.049655000      0.000000000     0.000000000
     3     0.000000000     0.102040000      0.000000000     0.000000000
     4     0.000000000     0.124655000      0.000000000     0.000000000
     5     0.000000000     0.150000000      0.000000000     0.000000000
     6     0.055700000     0.004550000      0.000000000     0.000000000
     7     0.046600000     0.054205000      0.000000000     0.000000000
     8     0.037500000     0.106590000      0.000000000     0.000000000
     9     0.028400000     0.129205000      0.000000000     0.000000000
    10     0.019300000     0.154550000      0.000000000     0.000000000
    11     0.111400000     0.018200000      0.000000000     0.000000000
    12     0.093200000     0.067855000      0.000000000     0.000000000
    13     0.075000000     0.120240000      0.000000000     0.000000000
    14     0.056800000     0.142855000      0.000000000     0.000000000
    15     0.038600000     0.168200000      0.000000000     0.000000000
    16     0.167100000     0.040950000      0.000000000     0.000000000
    17     0.139800000     0.090605000      0.000000000     0.000000000
    18     0.112500000     0.142990000      0.000000000     0.000000000
    19     0.085200000     0.165605000      0.000000000     0.000000000
    20     0.057900000     0.190950000      0.000000000     0.000000000
    21     0.222800000     0.072800000      0.000000000     0.000000000
    22     0.186400000     0.122455000      0.000000000     0.000000000
    23     0.150000000     0.174840000      0.000000000     0.000000000
    24     0.113600000     0.197455000      0.000000000     0.000000000
    25     0.077200000     0.222800000      0.000000000     0.000000000
    26     0.278500000     0.113750000      0.000000000     0.000000000
    27     0.233000000     0.163405000      0.000000000     0.000000000
    28     0.187500000     0.215790000      0.000000000     0.000000000
    29     0.142000000     0.238405000      0.000000000     0.000000000
    30     0.096500000     0.263750000      0.000000000     0.000000000
    31     0.334200000     0.163800001      0.000000000     0.000000000
    32     0.279600000     0.213455001      0.000000000     0.000000000
    33     0.225000000     0.265840001      0.000000000     0.000000000
    34     0.170400000     0.288455001      0.000000000     0.000000000
    35     0.115800000     0.313800001      0.000000000     0.000000000
    36     0.389900000     0.222950001      0.000000000     0.000000000
    37     0.326200000     0.272605001      0.000000000     0.000000000
    38     0.262500000     0.324990001      0.000000000     0.000000000
    39     0.198800000     0.347605001      0.000000000     0.000000000
    40     0.135100000     0.372950001      0.000000000     0.000000000
    41     0.445600000     0.291200001      0.000000000     0.000000000
    42     0.372800000     0.340855001      0.000000000     0.000000000
    43     0.300000000     0.393240001      0.000000000     0.000000000
    44     0.227200000     0.415855001      0.000000000     0.000000000
    45     0.154400000     0.441200001      0.000000000     0.000000000
    46     0.501300001     0.368550001      0.000000000     0.000000000
    47     0.419400000     0.418205001      0.000000000     0.000000000
    48     0.337500000     0.470590001      0.000000000     0.000000000
    49     0.255600000     0.493205001      0.000000000     0.000000000
    50     0.173699999     0.518550001      0.000000000     0.000000000
    51     0.557000001     0.455000001      0.000000000     0.000000000
    52     0.466000000     0.504655001      0.000000000     0.000000000
    53     0.375000000     0.557040001      0.000000000     0.000000000
    54     0.284000000     0.579655001      0.000000000     0.000000000
    55     0.192999999     0.605000001      0.000000000     0.000000000
    56     0.612700001     0.550550002      0.000000000     0.000000000
    57     0.512600000     0.600205002      0.000000000     0.000000000
    58     0.412500000     0.652590002      0.000000000     0.000000000
    59     0.312400000     0.675205002      0.000000000     0.000000000
    60     0.212299999     0.700550002      0.000000000     0.000000000
    61     0.668400001     0.655200002      0.000000000     0.000000000
    62     0.559200000     0.704855002      0.000000000     0.000000000
    63     0.450000000     0.757240002      0.000000000     0.000000000
    64     0.340800000     0.779855002      0.000000000     0.000000000
    65     0.231599999     0.805200002      0.000000000     0.000000000
    66     0.724100001     0.768950002      0.000000000     0.000000000
    67     0.605800000     0.818605002      0.000000000     0.000000000
    68     0.487500000     0.870990002      0.000000000     0.000000000
    69     0.369200000     0.893605002      0.000000000     0.000000000
    70     0.250899999     0.918950002      0.000000000     0.000000000
    71     0.779800001     0.891800003      0.000000000     0.000000000
    72     0.652400000     0.941455003      0.000000000     0.000000000
    73     0.525000000     0.993840003      0.000000000     0.000000000
    74     0.397600000     1.016455003      0.000000000     0.000000000
    75     0.270199999     1.041800003      0.000000000     0.000000000
    76     0.835500001     1.023750003      0.000000000     0.000000000
    77     0.699000000     1.073405003      0.000000000     0.000000000
    78     0.562500000     1.125790003      0.000000000     0.000000000
    79     0.426000000     1.148405003      0.000000000     0.000000000
    80     0.289499999     1.173750003      0.000000000     0.000000000
    81     0.891200001     1.164800004      0.000000000     0.000000000
    82     0.745600000     1.214455004      0.000000000     0.000000000
    83     0.600000000     1.266840004      0.000000000     0.000000000
    84     0.454400000     1.289455004      0.000000000     0.000000000
    85     0.308799999     1.314800004      0.000000000     0.000000000
    86     0.946900001     1.314950004      0.000000000     0.000000000
    87     0.792200000     1.364605004      0.000000000     0.000000000
    88     0.637500000     1.416990004      0.000000000     0.000000000
    89     0.482800000     1.439605004      0.000000000     0.000000000
    90     0.328099999     1.464950004      0.000000000     0.000000000
    91     1.002600001     1.474200005      0.000000000     0.000000000
    92     0.838800001     1.523855005      0.000000000     0.000000000
    93     0.675000000     1.576240005      0.000000000     0.000000000
    94     0.511199999     1.598855005      0.000000000     0.000000000
    95     0.347399999     1.624200005      0.000000000     0.000000000
    96     1.058300001     1.642550005      0.000000000     0.000000000
    97     0.885400001     1.692205005      0.000000000     0.000000000
    98     0.712500000     1.744590005      0.000000000     0.000000000
    99     0.539599999     1.767205005      0.000000000     0.000000000
   100     0.366699999     1.792550005      0.000000000     0.000000000
   101     1.114000001     1.820000006      0.000000000     0.000000000
   102     0.932000001     1.869655006      0.000000000     0.000000000
   103     0.750000000     1.922040006      0.000000000     0.000000000
   104     0.567999999     1.944655006      0.000000000     0.000000000
   105     0.385999999     1.970000006      0.000000000     0.000000000
   106     1.169700001     2.006550006      0.000000000     0.000000000
   107     0.978600001     2.056205006      0.000000000     0.000000000
   108     0.787500000     2.108590006      0.000000000     0.000000000
   109     0.596399999     2.131205006      0.000000000     0.000000000
   110     0.405299999     2.156550006      0.000000000     0.000000000
   111     1.225400001     2.202200007      0.000000000     0.000000000
   112     1.025200001     2.251855007      0.000000000     0.000000000
   113     0.825000000     2.304240007      0.000000000     0.000000000
   114     0.624799999     2.326855007      0.000000000     0.000000000
   115     0.424599999     2.352200007      0.000000000     0.000000000
   116     1.281100001     2.406950008      0.000000000     0.000000000
   117     1.071800001     2.456605008      0.000000000     0.000000000
   118     0.862500000     2.508990008      0.000000000     0.000000000
   119     0.653199999     2.531605008      0.000000000     0.000000000
   120     0.443899999     2.556950008      0.000000000     0.000000000
   121     1.336800001     2.620800008      0.000000000     0.000000000
   122     1.118400001     2.670455008      0.000000000     0.000000000
   123     0.900000000     2.722840008      0.000000000     0.000000000
   124     0.681599999     2.745455008      0.000000000     0.000000000
   125     0.463199999     2.770800008      0.000000000     0.000000000
   126     1.392500001     2.843750009      0.000000000     0.000000000
   127     1.165000001     2.893405009      0.000000000     0.000000000
   128     0.937500000     2.945790009      0.000000000     0.000000000
   129     0.709999999     2.968405009      0.000000000     0.000000000
   130     0.482499999     2.993750009      0.000000000     0.000000000
   131     1.448200002     3.075800010      0.000000000     0.000000000
   132     1.211600001     3.125455010      0.000000000     0.000000000
   133     0.975000000     3.177840010      0.000000000     0.000000000
   134     0.738399999     3.200455010      0.000000000     0.000000000
   135     0.501799998     3.225800010      0.000000000     0.000000000
   136     1.503900002     3.316950011      0.000000000     0.000000000
   137     1.258200001     3.366605011      0.000000000     0.000000000
   138     1.012500000     3.418990011      0.000000000     0.000000000
   139     0.766799999     3.441605011      0.000000000     0.000000000
   140     0.521099998     3.466950011      0.000000000     0.000000000
   141     1.559600002     3.567200011      0.000000000     0.000000000
   142     1.304800001     3.616855011      0.000000000     0.000000000
   143     1.050000000     3.669240011      0.000000000     0.000000000
   144     0.795199999     3.691855011      0.000000000     0.000000000
   145     0.540399998     3.717200011      0.000000000     0.000000000
   146     1.615300002     3.826550012      0.000000000     0.000000000
   147     1.351400001     3.876205012      0.000000000     0.000000000
   148     1.087500000     3.928590012      0.000000000     0.000000000
   149     0.823599999     3.951205012      0.000000000     0.000000000
   150     0.559699998     3.976550012      0.000000000     0.000000000
   151     1.671000002     4.095000013      0.000000000     0.000000000
   152     1.398000001     4.144655013      0.000000000     0.000000000
   153     1.125000000     4.197040013      0.000000000     0.000000000
   154     0.851999999     4.219655013      0.000000000     0.000000000
   155     0.578999998     4.245000013      0.000000000     0.000000000
   156     1.726700002     4.372550014      0.000000000     0.000000000
   157     1.444600001     4.422205014      0.000000000     0.000000000
   158     1.162500000     4.474590014      0.000000000     0.000000000
   159     0.880399999     4.497205014      0.000000000     0.000000000
   160     0.598299998     4.522550014      0.000000000     0.000000000
   161     1.782400002     4.659200016      0.000000000     0.000000000
   162     1.491200001     4.708855015      0.000000000     0.000000000
   163     1.200000000     4.761240014      0.000000000     0.000000000
   164     0.908799999     4.783855015      0.000000000     0.000000000
   165     0.617599998     4.809200016      0.000000000     0.000000000
   166     1.838099995     4.954950021      0.000000000     0.000000000
   167     1.537800010     5.004605015      0.000000000     0.000000000
   168     1.237500000     5.056990005      0.000000000     0.000000000
   169     0.937199990     5.079605015      0.000000000     0.000000000
   170     0.636900005     5.104950021      0.000000000     0.000000000
   171     1.893799955     5.259799997      0.000000000     0.000000000
   172     1.584400045     5.309455002      0.000000000     0.000000000
   173     1.275000000     5.361840006      0.000000000     0.000000000
   174     0.965599955     5.384455002      0.000000000     0.000000000
   175     0.656200045     5.409799997      0.000000000     0.000000000
   176     1.949500026     5.573749550      0.000000000     0.000000000
   177     1.630999849     5.623404991      0.000000000     0.000000000
   178     1.312500000     5.675790456      0.000000000     0.000000000
   179     0.994000151     5.698404991      0.000000000     0.000000000
   180     0.675499974     5.723749550      0.000000000     0.000000000
   181     2.005202573     5.896798160      0.000000000     0.000000000
   182     1.677596772     5.946455322      0.000000000     0.000000000
   183     1.350000000     5.998843782      0.000000000     0.000000000
   184     1.022403228     6.021455322      0.000000000     0.000000000
   185     0.694797427     6.046798160      0.000000000     0.000000000
   186     2.060915773     6.228958797      0.000000000     0.000000000
   187     1.724185710     6.278609804      0.000000000     0.000000000
   188     1.387500000     6.330992528      0.000000000     0.000000000
   189     1.050814290     6.353609804      0.000000000     0.000000000
   190     0.714084227     6.378958797      0.000000000     0.000000000
   191     2.116582675     6.570360108      0.000000000     0.000000000
   192     1.770861905     6.619865147      0.000000000     0.000000000
   193     1.425000000     6.672078978      0.000000000     0.000000000
   194     1.079138095     6.694865147      0.000000000     0.000000000
   195     0.733417325     6.720360108      0.000000000     0.000000000
   196     2.171391510     6.921154628      0.000000000     0.000000000
   197     1.818526486     6.970076901      0.000000000     0.000000000
   198     1.462500000     7.021335134      0.000000000     0.000000000
   199     1.106473514     7.045076901      0.000000000     0.000000000
   200     0.753608490     7.071154628      0.000000000     0.000000000
   201     2.222769301     7.276458321      0.000000000     0.000000000
   202     1.868569679     7.328079791      0.000000000     0.000000000
   203     1.500000000     7.381686474      0.000000000     0.000000000
   204     1.131430321     7.403079791      0.000000000     0.000000000
   205     0.777230699     7.426458321      0.000000000     0.000000000
                                            ___________     ___________
                              Summation     0.000000000     0.000000000

Element                    Element strain                                   Element Stress
number      1-direction     2-direction     3-direction      1-direction     2-direction     3-direction
      1     0.020460000     0.019862000     0.000000000      0.000460000     0.000000000     0.000000000
      2     0.016820000     0.020954000     0.000000000     -0.003180000     0.000000000     0.000000000
      3     0.013180000     0.009046000     0.000000000      0.003180000     0.000000000     0.000000000
      4     0.009540000     0.010138000     0.000000000     -0.000460000     0.000000000     0.000000000
      5     0.020460000     0.019862000     0.000000000      0.000460000     0.000000000     0.000000000
      6     0.016820000     0.020954000     0.000000000     -0.003180000     0.000000000     0.000000000
      7     0.013180000     0.009046000     0.000000000      0.003180000     0.000000000     0.000000000
      8     0.009540000     0.010138000     0.000000000     -0.000460000     0.000000000     0.000000000
      9     0.020460000     0.019862000     0.000000000      0.000460000     0.000000000     0.000000000
     10     0.016820000     0.020954000     0.000000000     -0.003180000     0.000000000     0.000000000
     11     0.013180000     0.009046000     0.000000000      0.003180000     0.000000000     0.000000000
     12     0.009540000     0.010138000     0.000000000     -0.000460000     0.000000000     0.000000000
     13     0.020460000     0.019862000     0.000000000      0.000460000     0.000000000     0.000000000
     14     0.016820000     0.020954000     0.000000000     -0.003180000     0.000000000     0.000000000
     15     0.013180000     0.009046000     0.000000000      0.003180000     0.000000000     0.000000000
     16     0.009540000     0.010138000     0.000000000     -0.000460000     0.000000000     0.000000000
     17     0.020460000     0.019862000     0.000000000      0.000460000     0.000000000     0.000000000
     18     0.016820000     0.020954000     0.000000000     -0.003180000     0.000000000     0.000000000
     19     0.013180000     0.009046000     0.000000000      0.003180000     0.000000000     0.000000000
     20     0.009540000     0.010138000     0.000000000     -0.000460000     0.000000000     0.000000000
     21     0.020460000     0.019862000     0.000000000      0.000460000     0.000000000     0.000000000
     22     0.016820000     0.020954000     0.000000000     -0.003180000     0.000000000     0.000000000
     23     0.013180000     0.009046000     0.000000000      0.003180000     0.000000000     0.000000000
     24     0.009540000     0.010138000     0.000000000     -0.000460000     0.000000000     0.000000000
     25     0.020460000     0.019862000     0.000000000      0.000460000     0.000000000     0.000000000
     26     0.016820000     0.020954000     0.000000000     -0.003180000     0.000000000     0.000000000
     27     0.013180000     0.009046000     0.000000000      0.003180000     0.000000000     0.000000000
     28     0.009540000     0.010138000     0.000000000     -0.000460000     0.000000000     0.000000000
     29     0.020460000     0.019862000     0.000000000      0.000460000     0.000000000     0.000000000
     30     0.016820000     0.020954000     0.000000000     -0.003180000     0.000000000     0.000000000
     31     0.013180000     0.009046000     0.000000000      0.003180000     0.000000000     0.000000000
     32     0.009540000     0.010138000     0.000000000     -0.000460000     0.000000000     0.000000000
     33     0.020460000     0.019862000     0.000000000      0.000460000     0.000000000     0.000000000
     34     0.016820000     0.020954000     0.000000000     -0.003180000     0.000000000     0.000000000
     35     0.013180000     0.009046000     0.000000000      0.003180000     0.000000000     0.000000000
     36     0.009540000     0.010138000     0.000000000     -0.000460000     0.000000000     0.000000000
     37     0.020460000     0.019862000     0.000000000      0.000460000     0.000000000     0.000000000
     38     0.016820000     0.020954000     0.000000000     -0.003180000     0.000000000     0.000000000
     39     0.013180000     0.009046000     0.000000000      0.003180000     0.000000000     0.000000000
     40     0.009540000     0.010138000     0.000000000     -0.000460000     0.000000000     0.000000000
     41     0.020460000     0.019862000     0.000000000      0.000460000     0.000000000     0.000000000
     42     0.016820000     0.020954000     0.000000000     -0.003180000     0.000000000     0.000000000
     43     0.013180000     0.009046000     0.000000000      0.003180000     0.000000000     0.000000000
     44     0.009540000     0.010138000     0.000000000     -0.000460000     0.000000000     0.000000000
     45     0.020460000     0.019862000     0.000000000      0.000460000     0.000000000     0.000000000
     46     0.016820000     0.020954000     0.000000000     -0.003180000     0.000000000     0.000000000
     47     0.013180000     0.009046000     0.000000000      0.003180000     0.000000000     0.000000000
     48     0.009540000     0.010138000     0.000000000     -0.000460000     0.000000000     0.000000000
     49     0.020460000     0.019862000     0.000000000      0.000460000     0.000000000     0.000000000
     50     0.016820000     0.020954000     0.000000000     -0.003180000     0.000000000     0.000000000
     51     0.013180000     0.009046000     0.000000000      0.003180000     0.000000000     0.000000000
     52     0.009540000     0.010138000     0.000000000     -0.000460000     0.000000000     0.000000000
     53     0.020460000     0.019862000     0.000000000      0.000460000     0.000000000     0.000000000
     54     0.016820000     0.020954000     0.000000000     -0.003180000     0.000000000     0.000000000
     55     0.013180000     0.009046000     0.000000000      0.003180000     0.000000000     0.000000000
     56     0.009540000     0.010138000     0.000000000     -0.000460000     0.000000000     0.000000000
     57     0.020460000     0.019862000     0.000000000      0.000460000     0.000000000     0.000000000
     58     0.016820000     0.020954000     0.000000000     -0.003180000     0.000000000     0.000000000
     59     0.013180000     0.009046000     0.000000000      0.003180000     0.000000000     0.000000000
     60     0.009540000     0.010138000     0.000000000     -0.000460000     0.000000000     0.000000000
     61     0.020460000     0.019862000     0.000000000      0.000460000     0.000000000     0.000000000
     62     0.016820000     0.020954000     0.000000000     -0.003180000     0.000000000     0.000000000
     63     0.013180000     0.009046000     0.000000000      0.003180000     0.000000000     0.000000000
     64     0.009540000     0.010138000     0.000000000     -0.000460000     0.000000000     0.000000000
     65     0.020460000     0.019862000     0.000000000      0.000460000     0.000000000     0.000000000
     66     0.016820000     0.020954000     0.000000000     -0.003180000     0.000000000     0.000000000
     67     0.013180000     0.009046000     0.000000000      0.003180000     0.000000000     0.000000000
     68     0.009540000     0.010138000     0.000000000     -0.000460000     0.000000000     0.000000000
     69     0.020460000     0.019862000     0.000000000      0.000460000     0.000000000     0.000000000
     70     0.016820000     0.020954000     0.000000000     -0.003180000     0.000000000     0.000000000
     71     0.013180000     0.009046000     0.000000000      0.003180000     0.000000000     0.000000000
     72     0.009540000     0.010138000     0.000000000     -0.000460000     0.000000000     0.000000000
     73     0.020460000     0.019862000     0.000000000      0.000460000     0.000000000     0.000000000
     74     0.016820000     0.020954000     0.000000000     -0.003180000     0.000000000     0.000000000
     75     0.013180000     0.009046000     0.000000000      0.003180000     0.000000000     0.000000000
     76     0.009540000     0.010138000     0.000000000     -0.000460000     0.000000000     0.000000000
     77     0.020460000     0.019862000     0.000000000      0.000460000     0.000000000     0.000000000
     78     0.016820000     0.020954000     0.000000000     -0.003180000     0.000000000     0.000000000
     79     0.013180000     0.009046000     0.000000000      0.003180000     0.000000000     0.000000000
     80     0.009540000     0.010138000     0.000000000     -0.000460000     0.000000000     0.000000000
     81     0.020460000     0.019862000     0.000000000      0.000460000     0.000000000     0.000000000
     82     0.016820000     0.020954000     0.000000000     -0.003180000     0.000000000     0.000000000
     83     0.013180000     0.009046000     0.000000000      0.003180000     0.000000000     0.000000000
     84     0.009540000     0.010138000     0.000000000     -0.000460000     0.000000000     0.000000000
     85     0.020460000     0.019862000     0.000000000      0.000460000     0.000000000     0.000000000
     86     0.016820000     0.020954000     0.000000000     -0.003180000     0.000000000     0.000000000
     87     0.013180000     0.009046000     0.000000000      0.003180000     0.000000000     0.000000000
     88     0.009540000     0.010138000     0.000000000     -0.000460000     0.000000000     0.000000000
     89     0.020460000     0.019862000     0.000000000      0.000460000     0.000000000     0.000000000
     90     0.016820000     0.020954000     0.000000000     -0.003180000     0.000000000     0.000000000
     91     0.013180000     0.009046000     0.000000000      0.003180000     0.000000000     0.000000000
     92     0.009540000     0.010138000     0.000000000     -0.000460000     0.000000000     0.000000000
     93     0.020460000     0.019862000     0.000000000      0.000460000     0.000000000     0.000000000
     94     0.016820000     0.020954000     0.000000000     -0.003180000     0.000000000     0.000000000
     95     0.013180000     0.009046000     0.000000000      0.003180000     0.000000000     0.000000000
     96     0.009540000     0.010138000     0.000000000     -0.000460000     0.000000000     0.000000000
     97     0.020460000     0.019862000     0.000000000      0.000460000     0.000000000     0.000000000
     98     0.016820000     0.020954000     0.000000000     -0.003180000     0.000000000     0.000000000
     99     0.013180000     0.009046000     0.000000000      0.003180000     0.000000000     0.000000000
    100     0.009540000     0.010138000     0.000000000     -0.000460000     0.000000000     0.000000000
    101     0.020460000     0.019862000     0.000000000      0.000460000     0.000000000     0.000000000
    102     0.016820000     0.020954000     0.000000000     -0.003180000     0.000000000     0.000000000
    103     0.013180000     0.009046000     0.000000000      0.003180000     0.000000000     0.000000000
    104     0.009540000     0.010138000     0.000000000     -0.000460000     0.000000000     0.000000000
    105     0.020460000     0.019862000     0.000000000      0.000460000     0.000000000     0.000000000
    106     0.016820000     0.020954000     0.000000000     -0.003180000     0.000000000     0.000000000
    107     0.013180000     0.009046000     0.000000000      0.003180000     0.000000000     0.000000000
    108     0.009540000     0.010138000     0.000000000     -0.000460000     0.000000000     0.000000000
    109     0.020460000     0.019862000     0.000000000      0.000460000     0.000000000     0.000000000
    110     0.016820000     0.020954000     0.000000000     -0.003180000     0.000000000     0.000000000
    111     0.013180000     0.009046000     0.000000000      0.003180000     0.000000000     0.000000000
    112     0.009540000     0.010138000     0.000000000     -0.000460000     0.000000000     0.000000000
    113     0.020460000     0.019862000     0.000000000      0.000460000     0.000000000     0.000000000
    114     0.016820000     0.020954000     0.000000000     -0.003180000     0.000000000     0.000000000
    115     0.013180000     0.009046000     0.000000000      0.003180000     0.000000000     0.000000000
    116     0.009540000     0.010138000     0.000000000     -0.000460000     0.000000000     0.000000000
    117     0.020460000     0.019862000     0.000000000      0.000460000     0.000000000     0.000000000
    118     0.016820000     0.020954000     0.000000000     -0.003180000     0.000000000     0.000000000
    119     0.013180000     0.009046000     0.000000000      0.003180000     0.000000000     0.000000000
    120     0.009540000     0.010138000     0.000000000     -0.000460000     0.000000000     0.000000000
    121     0.020460000     0.019862000     0.000000000      0.000460000     0.000000000     0.000000000
    122     0.016820000     0.020954000     0.000000000     -0.003180000     0.000000000     0.000000000
    123     0.013180000     0.009046000     0.000000000      0.003180000     0.000000000     0.000000000
    124     0.009540000     0.010138000     0.000000000     -0.000460000     0.000000000     0.000000000
    125     0.020460000     0.019862000     0.000000000      0.000460000     0.000000000     0.000000000
    126     0.016820000     0.020954000     0.000000000     -0.003180000     0.000000000     0.000000000
    127     0.013180000     0.009046000     0.000000000      0.003180000     0.000000000     0.000000000
    128     0.009540000     0.010138000     0.000000000     -0.000460000     0.000000000     0.000000000
    129     0.020460000     0.019861999     0.000000004      0.000460000    -0.000000002     0.000000002
    130     0.016820002     0.020953998    -0.000000004     -0.003179999    -0.000000002    -0.000000002
    131     0.013179998     0.009046002    -0.000000004      0.003179999     0.000000002    -0.000000002
    132     0.009540000     0.010138001     0.000000004     -0.000460000     0.000000002     0.000000002
    133     0.020459999     0.019862000     0.000000014      0.000459999    -0.000000001     0.000000005
    134     0.016820007     0.020953999    -0.000000014     -0.003179993     0.000000001    -0.000000005
    135     0.013179993     0.009046001    -0.000000014      0.003179993    -0.000000001    -0.000000005
    136     0.009540001     0.010138000     0.000000014     -0.000459999     0.000000001     0.000000005
    137     0.020459975     0.019862089    -0.000000109      0.000460002     0.000000090    -0.000000042
    138     0.016819961     0.020954094     0.000000109     -0.003180012     0.000000090     0.000000042
    139     0.013180039     0.009045906     0.000000109      0.003180012    -0.000000090     0.000000042
    140     0.009540025     0.010137911    -0.000000109     -0.000460002    -0.000000090    -0.000000042
    141     0.020459894     0.019862520    -0.000001407      0.000460055     0.000000537    -0.000000541
    142     0.016819385     0.020954785     0.000001407     -0.003180417     0.000000660     0.000000541
    143     0.013180615     0.009045215     0.000001407      0.003180417    -0.000000660     0.000000541
    144     0.009540106     0.010137480    -0.000001407     -0.000460055    -0.000000537    -0.000000541
    145     0.020460428     0.019861634    -0.000004149      0.000460349    -0.000000261    -0.000001596
    146     0.016817788     0.020954237     0.000004149     -0.003182353    -0.000000469     0.000001596
    147     0.013182212     0.009045763     0.000004149      0.003182353     0.000000469     0.000001596
    148     0.009539572     0.010138366    -0.000004149     -0.000460349     0.000000261    -0.000001596
    149     0.020468619     0.019831209     0.000041165      0.000459321    -0.000030995     0.000015833
    150     0.016835239     0.020919311    -0.000041165     -0.003174690    -0.000033096    -0.000015833
    151     0.013164761     0.009080689    -0.000041165      0.003174690     0.000033096    -0.000015833
    152     0.009531381     0.010168791     0.000041165     -0.000459321     0.000030995     0.000015833
    153     0.020494683     0.019685462     0.000484096      0.000439914    -0.000182564     0.000186191
    154     0.017032916     0.020694413    -0.000484096     -0.003031605    -0.000215069    -0.000186191
    155     0.012967084     0.009305587    -0.000484096      0.003031605     0.000215069    -0.000186191
    156     0.009505317     0.010314538     0.000484096     -0.000439914     0.000182564     0.000186191
    157     0.020284197     0.020108749     0.001248387      0.000348156     0.000213195     0.000480149
    158     0.017508639     0.020972983    -0.001248387     -0.002416996     0.000247885    -0.000480149
    159     0.012491361     0.009027017    -0.001248387      0.002416996    -0.000247885    -0.000480149
    160     0.009715803     0.009891251     0.001248387     -0.000348156    -0.000213195     0.000480149

Element                    Principal stresses             Von mises stress
number     1st principal    2nd principal   Angle
      1     0.000460000     0.000000000     0.000000000      0.000460000
      2     0.000000000    -0.003180000     1.570796327      0.003180000
      3     0.003180000     0.000000000     0.000000000      0.003180000
      4     0.000000000    -0.000460000     1.570796327      0.000460000
      5     0.000460000     0.000000000     0.000000000      0.000460000
      6     0.000000000    -0.003180000     1.570796327      0.003180000
      7     0.003180000     0.000000000     0.000000000      0.003180000
      8     0.000000000    -0.000460000     1.570796327      0.000460000
      9     0.000460000     0.000000000     0.000000000      0.000460000
     10     0.000000000    -0.003180000     1.570796327      0.003180000
     11     0.003180000     0.000000000     0.000000000      0.003180000
     12     0.000000000    -0.000460000     1.570796327      0.000460000
     13     0.000460000     0.000000000     0.000000000      0.000460000
     14     0.000000000    -0.003180000     1.570796327      0.003180000
     15     0.003180000     0.000000000     0.000000000      0.003180000
     16     0.000000000    -0.000460000     1.570796327      0.000460000
     17     0.000460000     0.000000000     0.000000000      0.000460000
     18     0.000000000    -0.003180000     1.570796327      0.003180000
     19     0.003180000     0.000000000     0.000000000      0.003180000
     20     0.000000000    -0.000460000     1.570796327      0.000460000
     21     0.000460000     0.000000000     0.000000000      0.000460000
     22     0.000000000    -0.003180000     1.570796327      0.003180000
     23     0.003180000     0.000000000     0.000000000      0.003180000
     24     0.000000000    -0.000460000     1.570796327      0.000460000
     25     0.000460000     0.000000000     0.000000000      0.000460000
     26     0.000000000    -0.003180000     1.570796327      0.003180000
     27     0.003180000     0.000000000     0.000000000      0.003180000
     28     0.000000000    -0.000460000     1.570796327      0.000460000
     29     0.000460000     0.000000000     0.000000000      0.000460000
     30     0.000000000    -0.003180000     1.570796327      0.003180000
     31     0.003180000     0.000000000     0.000000000      0.003180000
     32     0.000000000    -0.000460000     1.570796327      0.000460000
     33     0.000460000     0.000000000     0.000000000      0.000460000
     34     0.000000000    -0.003180000     1.570796327      0.003180000
     35     0.003180000     0.000000000     0.000000000      0.003180000
     36     0.000000000    -0.000460000     1.570796327      0.000460000
     37     0.000460000     0.000000000     0.000000000      0.000460000
     38     0.000000000    -0.003180000     1.570796327      0.003180000
     39     0.003180000     0.000000000     0.000000000      0.003180000
     40     0.000000000    -0.000460000     1.570796327      0.000460000
     41     0.000460000     0.000000000     0.000000000      0.000460000
     42     0.000000000    -0.003180000     1.570796327      0.003180000
     43     0.003180000     0.000000000     0.000000000      0.003180000
     44     0.000000000    -0.000460000     1.570796327      0.000460000
     45     0.000460000     0.000000000     0.000000000      0.000460000
     46     0.000000000    -0.003180000     1.570796327      0.003180000
     47     0.003180000     0.000000000     0.000000000      0.003180000
     48     0.000000000    -0.000460000     1.570796327      0.000460000
     49     0.000460000     0.000000000     0.000000000      0.000460000
     50     0.000000000    -0.003180000     1.570796327      0.003180000
     51     0.003180000     0.000000000     0.000000000      0.003180000
     52     0.000000000    -0.000460000     1.570796327      0.000460000
     53     0.000460000     0.000000000     0.000000000      0.000460000
     54     0.000000000    -0.003180000     1.570796327      0.003180000
     55     0.003180000     0.000000000     0.000000000      0.003180000
     56     0.000000000    -0.000460000     1.570796327      0.000460000
     57     0.000460000     0.000000000     0.000000000      0.000460000
     58     0.000000000    -0.003180000     1.570796327      0.003180000
     59     0.003180000     0.000000000     0.000000000      0.003180000
     60     0.000000000    -0.000460000     1.570796327      0.000460000
     61     0.000460000     0.000000000     0.000000000      0.000460000
     62     0.000000000    -0.003180000     1.570796327      0.003180000
     63     0.003180000     0.000000000     0.000000000      0.003180000
     64     0.000000000    -0.000460000     1.570796327      0.000460000
     65     0.000460000     0.000000000     0.000000000      0.000460000
     66     0.000000000    -0.003180000     1.570796327      0.003180000
     67     0.003180000     0.000000000     0.000000000      0.003180000
     68     0.000000000    -0.000460000     1.570796327      0.000460000
     69     0.000460000     0.000000000     0.000000000      0.000460000
     70     0.000000000    -0.003180000     1.570796327      0.003180000
     71     0.003180000     0.000000000     0.000000000      0.003180000
     72     0.000000000    -0.000460000     1.570796327      0.000460000
     73     0.000460000     0.000000000     0.000000000      0.000460000
     74     0.000000000    -0.003180000     1.570796327      0.003180000
     75     0.003180000     0.000000000     0.000000000      0.003180000
     76     0.000000000    -0.000460000     1.570796327      0.000460000
     77     0.000460000     0.000000000     0.000000000      0.000460000
     78     0.000000000    -0.003180000     1.570796327      0.003180000
     79     0.003180000     0.000000000     0.000000000      0.003180000
     80     0.000000000    -0.000460000     1.570796327      0.000460000
     81     0.000460000     0.000000000     0.000000000      0.000460000
     82     0.000000000    -0.003180000     1.570796327      0.003180000
     83     0.003180000     0.000000000     0.000000000      0.003180000
     84     0.000000000    -0.000460000     1.570796327      0.000460000
     85     0.000460000     0.000000000     0.000000000      0.000460000
     86     0.000000000    -0.003180000     1.570796327      0.003180000
     87     0.003180000     0.000000000     0.000000000      0.003180000
     88     0.000000000    -0.000460000     1.570796327      0.000460000
     89     0.000460000     0.000000000     0.000000000      0.000460000
     90     0.000000000    -0.003180000     1.570796327      0.003180000
     91     0.003180000     0.000000000     0.000000000      0.003180000
     92     0.000000000    -0.000460000     1.570796327      0.000460000
     93     0.000460000     0.000000000     0.000000000      0.000460000
     94     0.000000000    -0.003180000     1.570796327      0.003180000
     95     0.003180000     0.000000000     0.000000000      0.003180000
     96     0.000000000    -0.000460000     1.570796327      0.000460000
     97     0.000460000     0.000000000     0.000000000      0.000460000
     98     0.000000000    -0.003180000     1.570796327      0.003180000
     99     0.003180000     0.000000000     0.000000000      0.003180000
    100     0.000000000    -0.000460000     1.570796327      0.000460000
    101     0.000460000     0.000000000     0.000000000      0.000460000
    102     0.000000000    -0.003180000     1.570796327      0.003180000
    103     0.003180000     0.000000000     0.000000000      0.003180000
    104     0.000000000    -0.000460000     1.570796327      0.000460000
    105     0.000460000     0.000000000     0.000000000      0.000460000
    106     0.000000000    -0.003180000     1.570796327      0.003180000
    107     0.003180000     0.000000000     0.000000000      0.003180000
    108     0.000000000    -0.000460000    -1.570796327      0.000460000
    109     0.000460000     0.000000000     0.000000000      0.000460000
    110     0.000000000    -0.003180000     1.570796327      0.003180000
    111     0.003180000     0.000000000     0.000000000      0.003180000
    112     0.000000000    -0.000460000    -1.570796327      0.000460000
    113     0.000460000     0.000000000     0.000000001      0.000460000
    114     0.000000000    -0.003180000    -1.570796327      0.003180000
    115     0.003180000     0.000000000     0.000000000      0.003180000
    116     0.000000000    -0.000460000     1.570796326      0.000460000
    117     0.000460000     0.000000000     0.000000010      0.000460000
    118     0.000000000    -0.003180000    -1.570796325      0.003180000
    119     0.003180000     0.000000000    -0.000000001      0.003180000
    120     0.000000000    -0.000460000     1.570796317      0.000460000
    121     0.000460000     0.000000000     0.000000036      0.000460000
    122     0.000000000    -0.003180000    -1.570796322      0.003180000
    123     0.003180000     0.000000000    -0.000000005      0.003180000
    124     0.000000000    -0.000460000     1.570796291      0.000460000
    125     0.000460000     0.000000000    -0.000000238      0.000460000
    126     0.000000000    -0.003180000     1.570796292      0.003180000
    127     0.003180000     0.000000000     0.000000034      0.003180000
    128     0.000000000    -0.000460000    -1.570796089      0.000460000
    129     0.000460000    -0.000000002    -0.000003411      0.000460001
    130    -0.000000002    -0.003179999     1.570795833      0.003179998
    131     0.003179999     0.000000002     0.000000493      0.003179998
    132     0.000000002    -0.000460000    -1.570792916      0.000460001
    133     0.000459999    -0.000000001    -0.000011288      0.000459999
    134     0.000000001    -0.003179993     1.570794694      0.003179993
    135     0.003179993    -0.000000001     0.000001633      0.003179993
    136     0.000000001    -0.000459999    -1.570785039      0.000459999
    137     0.000460002     0.000000090     0.000091087      0.000459957
    138     0.000000090    -0.003180012    -1.570783154      0.003180057
    139     0.003180012    -0.000000090    -0.000013173      0.003180057
    140    -0.000000090    -0.000460002     1.570705240      0.000459957
    141     0.000460056     0.000000536     0.001178064      0.000459788
    142     0.000000660    -0.003180418    -1.570626151      0.003180748
    143     0.003180418    -0.000000660    -0.000170176      0.003180748
    144    -0.000000536    -0.000460056     1.569618263      0.000459788
    145     0.000460355    -0.000000267     0.003464498      0.000460488
    146    -0.000000468    -0.003182354    -1.570294797      0.003182120
    147     0.003182354     0.000000468    -0.000501530      0.003182120
    148     0.000000267    -0.000460355     1.567331829      0.000460488
    149     0.000459832    -0.000031505    -0.032245662      0.000476366
    150    -0.000033016    -0.003174770     1.565756856      0.003158391
    151     0.003174770     0.000033016     0.005039471      0.003158391
    152     0.000031505    -0.000459832    -1.538550665      0.000476366
    153     0.000491355    -0.000234005    -0.269556693      0.000641223
    154    -0.000202813    -0.003043860     1.505071205      0.002947690
    155     0.003043860     0.000202813     0.065725122      0.002947690
    156     0.000234005    -0.000491355    -1.301239634      0.000641223
    157     0.000765543    -0.000204192    -0.715585317      0.000885476
    158     0.000331756    -0.002500868     1.397862290      0.002682178
    159     0.002500868    -0.000331756     0.172934037      0.002682178
    160     0.000204192    -0.000765543    -0.855211010      0.000885476

Compliance        Max Von mises stress            Average Area of elements
          0.707534572539           3.182119697257E-03            6.25000000000
