/TITLE, CONTINUUM GROUND STRUCTURE
! Created with:       FlExtract v1.13
! Element type:       PLANE42
! Number of nodes:    205
! Number of elements: 160

/PREP7
! Element type: ET, type #, name
ET, 1, PLANE42, , , 3

! Nodal coordinates: 'N', node_id, x-coord, y-coord, z-coord
N,	1,	0,	0,	0
N,	2,	0,	2.5,	0
N,	3,	0,	5,	0
N,	4,	0,	7.5,	0
N,	5,	0,	10,	0
N,	6,	2.5,	0,	0
N,	7,	2.5,	2.5,	0
N,	8,	2.5,	5,	0
N,	9,	2.5,	7.5,	0
N,	10,	2.5,	10,	0
N,	11,	5,	0,	0
N,	12,	5,	2.5,	0
N,	13,	5,	5,	0
N,	14,	5,	7.5,	0
N,	15,	5,	10,	0
N,	16,	7.5,	0,	0
N,	17,	7.5,	2.5,	0
N,	18,	7.5,	5,	0
N,	19,	7.5,	7.5,	0
N,	20,	7.5,	10,	0
N,	21,	10,	0,	0
N,	22,	10,	2.5,	0
N,	23,	10,	5,	0
N,	24,	10,	7.5,	0
N,	25,	10,	10,	0
N,	26,	12.5,	0,	0
N,	27,	12.5,	2.5,	0
N,	28,	12.5,	5,	0
N,	29,	12.5,	7.5,	0
N,	30,	12.5,	10,	0
N,	31,	15,	0,	0
N,	32,	15,	2.5,	0
N,	33,	15,	5,	0
N,	34,	15,	7.5,	0
N,	35,	15,	10,	0
N,	36,	17.5,	0,	0
N,	37,	17.5,	2.5,	0
N,	38,	17.5,	5,	0
N,	39,	17.5,	7.5,	0
N,	40,	17.5,	10,	0
N,	41,	20,	0,	0
N,	42,	20,	2.5,	0
N,	43,	20,	5,	0
N,	44,	20,	7.5,	0
N,	45,	20,	10,	0
N,	46,	22.5,	0,	0
N,	47,	22.5,	2.5,	0
N,	48,	22.5,	5,	0
N,	49,	22.5,	7.5,	0
N,	50,	22.5,	10,	0
N,	51,	25,	0,	0
N,	52,	25,	2.5,	0
N,	53,	25,	5,	0
N,	54,	25,	7.5,	0
N,	55,	25,	10,	0
N,	56,	27.5,	0,	0
N,	57,	27.5,	2.5,	0
N,	58,	27.5,	5,	0
N,	59,	27.5,	7.5,	0
N,	60,	27.5,	10,	0
N,	61,	30,	0,	0
N,	62,	30,	2.5,	0
N,	63,	30,	5,	0
N,	64,	30,	7.5,	0
N,	65,	30,	10,	0
N,	66,	32.5,	0,	0
N,	67,	32.5,	2.5,	0
N,	68,	32.5,	5,	0
N,	69,	32.5,	7.5,	0
N,	70,	32.5,	10,	0
N,	71,	35,	0,	0
N,	72,	35,	2.5,	0
N,	73,	35,	5,	0
N,	74,	35,	7.5,	0
N,	75,	35,	10,	0
N,	76,	37.5,	0,	0
N,	77,	37.5,	2.5,	0
N,	78,	37.5,	5,	0
N,	79,	37.5,	7.5,	0
N,	80,	37.5,	10,	0
N,	81,	40,	0,	0
N,	82,	40,	2.5,	0
N,	83,	40,	5,	0
N,	84,	40,	7.5,	0
N,	85,	40,	10,	0
N,	86,	42.5,	0,	0
N,	87,	42.5,	2.5,	0
N,	88,	42.5,	5,	0
N,	89,	42.5,	7.5,	0
N,	90,	42.5,	10,	0
N,	91,	45,	0,	0
N,	92,	45,	2.5,	0
N,	93,	45,	5,	0
N,	94,	45,	7.5,	0
N,	95,	45,	10,	0
N,	96,	47.5,	0,	0
N,	97,	47.5,	2.5,	0
N,	98,	47.5,	5,	0
N,	99,	47.5,	7.5,	0
N,	100,	47.5,	10,	0
N,	101,	50,	0,	0
N,	102,	50,	2.5,	0
N,	103,	50,	5,	0
N,	104,	50,	7.5,	0
N,	105,	50,	10,	0
N,	106,	52.5,	0,	0
N,	107,	52.5,	2.5,	0
N,	108,	52.5,	5,	0
N,	109,	52.5,	7.5,	0
N,	110,	52.5,	10,	0
N,	111,	55,	0,	0
N,	112,	55,	2.5,	0
N,	113,	55,	5,	0
N,	114,	55,	7.5,	0
N,	115,	55,	10,	0
N,	116,	57.5,	0,	0
N,	117,	57.5,	2.5,	0
N,	118,	57.5,	5,	0
N,	119,	57.5,	7.5,	0
N,	120,	57.5,	10,	0
N,	121,	60,	0,	0
N,	122,	60,	2.5,	0
N,	123,	60,	5,	0
N,	124,	60,	7.5,	0
N,	125,	60,	10,	0
N,	126,	62.5,	0,	0
N,	127,	62.5,	2.5,	0
N,	128,	62.5,	5,	0
N,	129,	62.5,	7.5,	0
N,	130,	62.5,	10,	0
N,	131,	65,	0,	0
N,	132,	65,	2.5,	0
N,	133,	65,	5,	0
N,	134,	65,	7.5,	0
N,	135,	65,	10,	0
N,	136,	67.5,	0,	0
N,	137,	67.5,	2.5,	0
N,	138,	67.5,	5,	0
N,	139,	67.5,	7.5,	0
N,	140,	67.5,	10,	0
N,	141,	70,	0,	0
N,	142,	70,	2.5,	0
N,	143,	70,	5,	0
N,	144,	70,	7.5,	0
N,	145,	70,	10,	0
N,	146,	72.5,	0,	0
N,	147,	72.5,	2.5,	0
N,	148,	72.5,	5,	0
N,	149,	72.5,	7.5,	0
N,	150,	72.5,	10,	0
N,	151,	75,	0,	0
N,	152,	75,	2.5,	0
N,	153,	75,	5,	0
N,	154,	75,	7.5,	0
N,	155,	75,	10,	0
N,	156,	77.5,	0,	0
N,	157,	77.5,	2.5,	0
N,	158,	77.5,	5,	0
N,	159,	77.5,	7.5,	0
N,	160,	77.5,	10,	0
N,	161,	80,	0,	0
N,	162,	80,	2.5,	0
N,	163,	80,	5,	0
N,	164,	80,	7.5,	0
N,	165,	80,	10,	0
N,	166,	82.5,	0,	0
N,	167,	82.5,	2.5,	0
N,	168,	82.5,	5,	0
N,	169,	82.5,	7.5,	0
N,	170,	82.5,	10,	0
N,	171,	85,	0,	0
N,	172,	85,	2.5,	0
N,	173,	85,	5,	0
N,	174,	85,	7.5,	0
N,	175,	85,	10,	0
N,	176,	87.5,	0,	0
N,	177,	87.5,	2.5,	0
N,	178,	87.5,	5,	0
N,	179,	87.5,	7.5,	0
N,	180,	87.5,	10,	0
N,	181,	90,	0,	0
N,	182,	90,	2.5,	0
N,	183,	90,	5,	0
N,	184,	90,	7.5,	0
N,	185,	90,	10,	0
N,	186,	92.5,	0,	0
N,	187,	92.5,	2.5,	0
N,	188,	92.5,	5,	0
N,	189,	92.5,	7.5,	0
N,	190,	92.5,	10,	0
N,	191,	95,	0,	0
N,	192,	95,	2.5,	0
N,	193,	95,	5,	0
N,	194,	95,	7.5,	0
N,	195,	95,	10,	0
N,	196,	97.5,	0,	0
N,	197,	97.5,	2.5,	0
N,	198,	97.5,	5,	0
N,	199,	97.5,	7.5,	0
N,	200,	97.5,	10,	0
N,	201,	100,	0,	0
N,	202,	100,	2.5,	0
N,	203,	100,	5,	0
N,	204,	100,	7.5,	0
N,	205,	100,	10,	0

! Element connectivity: 'EN', element_id,  node_ids
! Material:             'MP', property_id, material_id, value 
! Custom property:      'R',  property_id, value 
! Material 1
MP,	EX,  	1,	1
MP,	KXX,  	1,	1
MP,	CTEX, 	1,	20e-6
MP,	PRXY,	1,	0.3
MP,	DENS,	1,	1000
R, 	1,	1
! Connectivity
EN,	1	1	6	7	2
EN,	2	2	7	8	3
EN,	5	6	11	12	7
EN,	6	7	12	13	8
EN,	9	11	16	17	12
EN,	10	12	17	18	13
EN,	13	16	21	22	17
EN,	14	17	22	23	18
EN,	17	21	26	27	22
EN,	18	22	27	28	23
EN,	21	26	31	32	27
EN,	22	27	32	33	28
EN,	25	31	36	37	32
EN,	26	32	37	38	33
EN,	29	36	41	42	37
EN,	30	37	42	43	38
EN,	33	41	46	47	42
EN,	34	42	47	48	43
EN,	37	46	51	52	47
EN,	38	47	52	53	48
EN,	41	51	56	57	52
EN,	42	52	57	58	53
EN,	45	56	61	62	57
EN,	46	57	62	63	58
EN,	49	61	66	67	62
EN,	50	62	67	68	63
EN,	53	66	71	72	67
EN,	54	67	72	73	68
EN,	57	71	76	77	72
EN,	58	72	77	78	73
EN,	61	76	81	82	77
EN,	62	77	82	83	78
EN,	65	81	86	87	82
EN,	66	82	87	88	83
EN,	69	86	91	92	87
EN,	70	87	92	93	88
EN,	73	91	96	97	92
EN,	74	92	97	98	93
EN,	77	96	101	102	97
EN,	78	97	102	103	98
EN,	81	101	106	107	102
EN,	82	102	107	108	103
EN,	85	106	111	112	107
EN,	86	107	112	113	108
EN,	89	111	116	117	112
EN,	90	112	117	118	113
EN,	93	116	121	122	117
EN,	94	117	122	123	118
EN,	97	121	126	127	122
EN,	98	122	127	128	123
EN,	101	126	131	132	127
EN,	102	127	132	133	128
EN,	105	131	136	137	132
EN,	106	132	137	138	133
EN,	109	136	141	142	137
EN,	110	137	142	143	138
EN,	113	141	146	147	142
EN,	114	142	147	148	143
EN,	117	146	151	152	147
EN,	118	147	152	153	148
EN,	121	151	156	157	152
EN,	122	152	157	158	153
EN,	125	156	161	162	157
EN,	126	157	162	163	158
EN,	129	161	166	167	162
EN,	130	162	167	168	163
EN,	133	166	171	172	167
EN,	134	167	172	173	168
EN,	137	171	176	177	172
EN,	138	172	177	178	173
EN,	141	176	181	182	177
EN,	142	177	182	183	178
EN,	145	181	186	187	182
EN,	146	182	187	188	183
EN,	149	186	191	192	187
EN,	150	187	192	193	188
EN,	153	191	196	197	192
EN,	154	192	197	198	193
EN,	157	196	201	202	197
EN,	158	197	202	203	198
! Material 2
MP,	EX,  	2,	1
MP,	KXX,  	2,	1
MP,	CTEX, 	2,	10e-6
MP,	PRXY,	2,	0.3
MP,	DENS,	2,	1000
R, 	1,	1
! Connectivity
EN,	3	3	8	9	4
EN,	4	4	9	10	5
EN,	7	8	13	14	9
EN,	8	9	14	15	10
EN,	11	13	18	19	14
EN,	12	14	19	20	15
EN,	15	18	23	24	19
EN,	16	19	24	25	20
EN,	19	23	28	29	24
EN,	20	24	29	30	25
EN,	23	28	33	34	29
EN,	24	29	34	35	30
EN,	27	33	38	39	34
EN,	28	34	39	40	35
EN,	31	38	43	44	39
EN,	32	39	44	45	40
EN,	35	43	48	49	44
EN,	36	44	49	50	45
EN,	39	48	53	54	49
EN,	40	49	54	55	50
EN,	43	53	58	59	54
EN,	44	54	59	60	55
EN,	47	58	63	64	59
EN,	48	59	64	65	60
EN,	51	63	68	69	64
EN,	52	64	69	70	65
EN,	55	68	73	74	69
EN,	56	69	74	75	70
EN,	59	73	78	79	74
EN,	60	74	79	80	75
EN,	63	78	83	84	79
EN,	64	79	84	85	80
EN,	67	83	88	89	84
EN,	68	84	89	90	85
EN,	71	88	93	94	89
EN,	72	89	94	95	90
EN,	75	93	98	99	94
EN,	76	94	99	100	95
EN,	79	98	103	104	99
EN,	80	99	104	105	100
EN,	83	103	108	109	104
EN,	84	104	109	110	105
EN,	87	108	113	114	109
EN,	88	109	114	115	110
EN,	91	113	118	119	114
EN,	92	114	119	120	115
EN,	95	118	123	124	119
EN,	96	119	124	125	120
EN,	99	123	128	129	124
EN,	100	124	129	130	125
EN,	103	128	133	134	129
EN,	104	129	134	135	130
EN,	107	133	138	139	134
EN,	108	134	139	140	135
EN,	111	138	143	144	139
EN,	112	139	144	145	140
EN,	115	143	148	149	144
EN,	116	144	149	150	145
EN,	119	148	153	154	149
EN,	120	149	154	155	150
EN,	123	153	158	159	154
EN,	124	154	159	160	155
EN,	127	158	163	164	159
EN,	128	159	164	165	160
EN,	131	163	168	169	164
EN,	132	164	169	170	165
EN,	135	168	173	174	169
EN,	136	169	174	175	170
EN,	139	173	178	179	174
EN,	140	174	179	180	175
EN,	143	178	183	184	179
EN,	144	179	184	185	180
EN,	147	183	188	189	184
EN,	148	184	189	190	185
EN,	151	188	193	194	189
EN,	152	189	194	195	190
EN,	155	193	198	199	194
EN,	156	194	199	200	195
EN,	159	198	203	204	199
EN,	160	199	204	205	200

! Nodal diplacement: 'D', node_id, 'UX / UY', value
D,	1,	UX,	0
D,	1,	UY,	0
D,	2,	UX,	0
D,	3,	UX,	0
D,	4,	UX,	0
D,	5,	UX,	0

! Nodal load: 'F', node_id, 'FX / FY', value

! Nodal temperature: 'T', node_id, 'TEMP', value
T,	1,	TEMP,	1000

! Surface load: 'SFE', element_id, face_id, 'PRES', 0, value


! Convection: 'SPC', #element, #face, 'CONV', 0, conv coeff, bulk temp
!SPC,	1,	4,	CONV,	0,	20,	200

! Heat flux: 'SPH', #element, #face, 'HFLU', 0, value
!SPH,	1,	4,	HFLU,	0,	20

! Heat generation: 'BFUNIF', HGEN, value 
!BFUNIF,	HGEN,	123		! Uniform body force

FINISH

/SOLU
antype, thermstat
FINISH
