/PREP7                                                                                                                  
/TITLE,                                                                                                                 
ET, 1, PLANE42, , , 3                                                                                                           
R,     1,  1.00000000    ,  0.00000000    ,  0.00000000    ,  0.00000000    ,  0.00000000    ,  0.00000000    
N,     1,  0.00000000    ,  22.0000000    ,  0.00000000    ,  0.00000000    ,  0.00000000    ,  0.00000000    
N,     2,  0.00000000    ,  21.5000000    ,  0.00000000    ,  0.00000000    ,  0.00000000    ,  0.00000000    
N,     3,  9.00000000    ,  21.5000000    ,  0.00000000    ,  0.00000000    ,  0.00000000    ,  0.00000000    
N,     4,  9.00000000    ,  22.0000000    ,  0.00000000    ,  0.00000000    ,  0.00000000    ,  0.00000000    
N,     5,  0.00000000    ,  21.0000000    ,  0.00000000    ,  0.00000000    ,  0.00000000    ,  0.00000000    
N,     6,  9.00000000    ,  21.0000000    ,  0.00000000    ,  0.00000000    ,  0.00000000    ,  0.00000000    
N,     7,  11.0000000    ,  21.5000000    ,  0.00000000    ,  0.00000000    ,  0.00000000    ,  0.00000000    
N,     8,  11.0000000    ,  22.0000000    ,  0.00000000    ,  0.00000000    ,  0.00000000    ,  0.00000000    
N,     9,  11.0000000    ,  21.0000000    ,  0.00000000    ,  0.00000000    ,  0.00000000    ,  0.00000000    
N,    10,  15.0000000    ,  22.0000000    ,  0.00000000    ,  0.00000000    ,  0.00000000    ,  0.00000000    
N,    11,  15.0000000    ,  21.5000000    ,  0.00000000    ,  0.00000000    ,  0.00000000    ,  0.00000000    
N,    12,  17.0000000    ,  21.5000000    ,  0.00000000    ,  0.00000000    ,  0.00000000    ,  0.00000000    
N,    13,  17.0000000    ,  22.0000000    ,  0.00000000    ,  0.00000000    ,  0.00000000    ,  0.00000000    
N,    14,  15.0000000    ,  21.0000000    ,  0.00000000    ,  0.00000000    ,  0.00000000    ,  0.00000000    
N,    15,  17.0000000    ,  21.0000000    ,  0.00000000    ,  0.00000000    ,  0.00000000    ,  0.00000000    
N,    16,  26.0000000    ,  21.5000000    ,  0.00000000    ,  0.00000000    ,  0.00000000    ,  0.00000000    
N,    17,  26.0000000    ,  22.0000000    ,  0.00000000    ,  0.00000000    ,  0.00000000    ,  0.00000000    
N,    18,  26.0000000    ,  21.0000000    ,  0.00000000    ,  0.00000000    ,  0.00000000    ,  0.00000000    
N,    19,  11.0000000    ,  14.0000000    ,  0.00000000    ,  0.00000000    ,  0.00000000    ,  0.00000000    
N,    20,  11.5000000    ,  14.0000000    ,  0.00000000    ,  0.00000000    ,  0.00000000    ,  0.00000000    
N,    21,  11.5000000    ,  12.0000000    ,  0.00000000    ,  0.00000000    ,  0.00000000    ,  0.00000000    
N,    22,  11.0000000    ,  12.0000000    ,  0.00000000    ,  0.00000000    ,  0.00000000    ,  0.00000000    
N,    23,  12.0000000    ,  14.0000000    ,  0.00000000    ,  0.00000000    ,  0.00000000    ,  0.00000000    
N,    24,  12.0000000    ,  12.0000000    ,  0.00000000    ,  0.00000000    ,  0.00000000    ,  0.00000000    
N,    25,  11.5000000    ,  0.00000000    ,  0.00000000    ,  0.00000000    ,  0.00000000    ,  0.00000000    
N,    26,  11.5000000    ,  6.00000000    ,  0.00000000    ,  0.00000000    ,  0.00000000    ,  0.00000000    
N,    27,  11.0000000    ,  0.00000000    ,  0.00000000    ,  0.00000000    ,  0.00000000    ,  0.00000000    
N,    28,  11.0000000    ,  6.00000000    ,  0.00000000    ,  0.00000000    ,  0.00000000    ,  0.00000000    
N,    29,  12.0000000    ,  0.00000000    ,  0.00000000    ,  0.00000000    ,  0.00000000    ,  0.00000000    
N,    30,  12.0000000    ,  6.00000000    ,  0.00000000    ,  0.00000000    ,  0.00000000    ,  0.00000000    
N,    31,  13.0000000    ,  14.0000000    ,  0.00000000    ,  0.00000000    ,  0.00000000    ,  0.00000000    
N,    32,  13.5000000    ,  14.0000000    ,  0.00000000    ,  0.00000000    ,  0.00000000    ,  0.00000000    
N,    33,  13.5000000    ,  12.0000000    ,  0.00000000    ,  0.00000000    ,  0.00000000    ,  0.00000000    
N,    34,  13.0000000    ,  12.0000000    ,  0.00000000    ,  0.00000000    ,  0.00000000    ,  0.00000000    
N,    35,  14.0000000    ,  14.0000000    ,  0.00000000    ,  0.00000000    ,  0.00000000    ,  0.00000000    
N,    36,  14.0000000    ,  12.0000000    ,  0.00000000    ,  0.00000000    ,  0.00000000    ,  0.00000000    
N,    37,  14.0000000    ,  0.00000000    ,  0.00000000    ,  0.00000000    ,  0.00000000    ,  0.00000000    
N,    38,  14.0000000    ,  6.00000000    ,  0.00000000    ,  0.00000000    ,  0.00000000    ,  0.00000000    
N,    39,  13.5000000    ,  0.00000000    ,  0.00000000    ,  0.00000000    ,  0.00000000    ,  0.00000000    
N,    40,  13.5000000    ,  6.00000000    ,  0.00000000    ,  0.00000000    ,  0.00000000    ,  0.00000000    
N,    41,  13.0000000    ,  0.00000000    ,  0.00000000    ,  0.00000000    ,  0.00000000    ,  0.00000000    
N,    42,  13.0000000    ,  6.00000000    ,  0.00000000    ,  0.00000000    ,  0.00000000    ,  0.00000000    
MAT,     3
REAL,1
EN,      1,      1,      2,      3,      4
EN,      2,      2,      5,      6,      3
MAT,     2
EN,      3,      4,      3,      7,      8
MAT,     1

EN,      4,      3,      6,      9,      7
MAT,     2

EN,      5,     10,     11,     12,     13
MAT,     1

EN,      6,     11,     14,     15,     12
MAT,     3
REAL,     3
EN,      7,     13,     12,     16,     17
EN,      8,     12,     15,     18,     16
MAT,     2
EN,      9,     19,     22,     21,     20
MAT,     1
REAL,     1
EN,     10,     23,     20,     21,     24
MAT,     3
EN,     11,     22,     28,     26,     21
EN,     12,     28,     27,     25,     26
EN,     13,     21,     26,     30,     24
EN,     14,     26,     25,     29,     30
MAT,     1
EN,     15,     31,     34,     33,     32
MAT,     2
EN,     16,     35,     32,     33,     36
MAT,     3
EN,     17,     36,     33,     40,     38
EN,     18,     38,     40,     39,     37
EN,     19,     33,     34,     42,     40
EN,     20,     40,     42,     41,     39
MP,EX,     1,   10.0000000     
MP,KXX,     1,   12.0000000    
MP,PRXY,     1,  0.300000000    
MP,	CTEX, 	1, 	100e-3

MP,EX,     2,   20.0000000       
MP,KXX,     2,   16.0000000    
MP,PRXY,     2,  0.300000000   
MP,	CTEX, 	2, 	1.2e-6 

MP,EX,     3,   20.0000000       
MP,KXX,     3,   16.0000000    
MP,PRXY,     3,  0.300000000   
MP,	CTEX, 	3, 	1e-12    
                                                                
T,     1,TEMP,  1e1    
T,     2,TEMP,  1e1    
T,     3,TEMP,  1e1    
T,     4,TEMP,  1e1    
T,     5,TEMP,  1e1    
T,     6,TEMP,  1e1    
D,     7,UX,  0.00000000    
D,     7,UY,  0.00000000    
T,     7,TEMP,  1e1    
D,     8,UX,  0.00000000    
D,     8,UY,  0.00000000    
T,     8,TEMP,  1e1    
D,     9,UX,  0.00000000    
D,     9,UY,  0.00000000    
T,     9,TEMP,  1e1    
D,    10,UX,  0.00000000    
T,    10,TEMP,  1e1    
D,    11,UX,  0.00000000    
D,    11,UY,  0.00000000    
T,    11,TEMP,  1e1    
T,    12,TEMP,  1e1    
T,    13,TEMP,  1e1    
D,    14,UY,  0.00000000    
T,    14,TEMP,  1e1    
T,    15,TEMP,  1e1    
T,    16,TEMP,  1e1    
T,    17,TEMP,  1e1    
T,    18,TEMP,  1e1    
D,    19,UX,  0.00000000    
D,    19,UY,  0.00000000    
T,    19,TEMP,  1e1    
D,    20,UX,  0.00000000    
D,    20,UY,  0.00000000    
T,    20,TEMP,  1e1    
T,    21,TEMP,  1e1    
T,    22,TEMP,  1e1    
D,    23,UX,  0.00000000    
D,    23,UY,  0.00000000    
T,    23,TEMP,  1e1    
T,    24,TEMP,  1e1    
T,    25,TEMP,  1e1    
T,    27,TEMP,  1e1    
T,    29,TEMP,  1e1    
D,    31,UX,  0.00000000    
D,    31,UY,  0.00000000    
T,    31,TEMP,  1e1    
D,    32,UX,  0.00000000    
D,    32,UY,  0.00000000    
T,    32,TEMP,  1e1    
T,    33,TEMP,  1e1    
T,    34,TEMP,  1e1    
D,    35,UX,  0.00000000    
D,    35,UY,  0.00000000    
T,    35,TEMP,  1e1    
T,    36,TEMP,  1e1    
T,    37,TEMP,  1e1    
T,    39,TEMP,  1e1    
T,    41,TEMP,  1e1    

FINISH

/SOLU
antype, thermstat
FINISH
