/PREP7                                                                                                                  
/TITLE,                                                                                                                 
ET, 1, PLANE42, , , 3                                                                                                    
R,     1,  1.00000000    ,  0.00000000    ,  0.00000000    ,  0.00000000    ,  0.00000000    ,  0.00000000    
N,     1,  5.57551696    ,  8.08424279    ,  0.00000000    ,  0.00000000    ,  0.00000000    ,  0.00000000    
N,     2,  6.36050914    ,  7.94297971    ,  0.00000000    ,  0.00000000    ,  0.00000000    ,  0.00000000    
N,     3,  5.97611524    ,  8.05927064    ,  0.00000000    ,  0.00000000    ,  0.00000000    ,  0.00000000    
N,     4,  5.97504149    ,  8.05345325    ,  0.00000000    ,  0.00000000    ,  0.00000000    ,  0.00000000    
N,     5,  5.16050914    ,  2.42049927    ,  0.00000000    ,  0.00000000    ,  0.00000000    ,  0.00000000    
N,     6,  5.16050914    ,  3.71610687    ,  0.00000000    ,  0.00000000    ,  0.00000000    ,  0.00000000    
N,     7,  5.16050914    ,  2.85236847    ,  0.00000000    ,  0.00000000    ,  0.00000000    ,  0.00000000    
N,     8,  5.16050914    ,  3.28423767    ,  0.00000000    ,  0.00000000    ,  0.00000000    ,  0.00000000    
N,     9,  6.36050914    ,  4.00383247    ,  0.00000000    ,  0.00000000    ,  0.00000000    ,  0.00000000    
N,    10,  5.54787177    ,  3.85860473    ,  0.00000000    ,  0.00000000    ,  0.00000000    ,  0.00000000    
N,    11,  5.95267598    ,  3.93911602    ,  0.00000000    ,  0.00000000    ,  0.00000000    ,  0.00000000    
N,    12,  6.36050914    ,  3.07638740    ,  0.00000000    ,  0.00000000    ,  0.00000000    ,  0.00000000    
N,    13,  6.36050914    ,  3.54010993    ,  0.00000000    ,  0.00000000    ,  0.00000000    ,  0.00000000    
N,    14,  5.54783967    ,  2.66155513    ,  0.00000000    ,  0.00000000    ,  0.00000000    ,  0.00000000    
N,    15,  5.95004959    ,  2.87701136    ,  0.00000000    ,  0.00000000    ,  0.00000000    ,  0.00000000    
N,    16,  5.53625248    ,  3.43368303    ,  0.00000000    ,  0.00000000    ,  0.00000000    ,  0.00000000    
N,    17,  5.91740639    ,  3.54526906    ,  0.00000000    ,  0.00000000    ,  0.00000000    ,  0.00000000    
N,    18,  5.53057215    ,  3.02930138    ,  0.00000000    ,  0.00000000    ,  0.00000000    ,  0.00000000    
N,    19,  5.91265835    ,  3.18161921    ,  0.00000000    ,  0.00000000    ,  0.00000000    ,  0.00000000    
N,    20,  3.41149722    ,  5.14831991    ,  0.00000000    ,  0.00000000    ,  0.00000000    ,  0.00000000    
N,    21,  2.33172259    ,  5.14831991    ,  0.00000000    ,  0.00000000    ,  0.00000000    ,  0.00000000    
N,    22,  3.05157234    ,  5.14831991    ,  0.00000000    ,  0.00000000    ,  0.00000000    ,  0.00000000    
N,    23,  2.69164746    ,  5.14831991    ,  0.00000000    ,  0.00000000    ,  0.00000000    ,  0.00000000    
N,    24,  2.85381160    ,  6.34831991    ,  0.00000000    ,  0.00000000    ,  0.00000000    ,  0.00000000    
N,    25,  2.53026003    ,  5.53721071    ,  0.00000000    ,  0.00000000    ,  0.00000000    ,  0.00000000    
N,    26,  2.70091000    ,  5.93920394    ,  0.00000000    ,  0.00000000    ,  0.00000000    ,  0.00000000    
N,    27,  3.92372465    ,  6.34831991    ,  0.00000000    ,  0.00000000    ,  0.00000000    ,  0.00000000    
N,    28,  3.21044928    ,  6.34831991    ,  0.00000000    ,  0.00000000    ,  0.00000000    ,  0.00000000    
N,    29,  3.56708697    ,  6.34831991    ,  0.00000000    ,  0.00000000    ,  0.00000000    ,  0.00000000    
N,    30,  3.60428069    ,  5.53857749    ,  0.00000000    ,  0.00000000    ,  0.00000000    ,  0.00000000    
N,    31,  3.77195409    ,  5.94027893    ,  0.00000000    ,  0.00000000    ,  0.00000000    ,  0.00000000    
N,    32,  3.24627341    ,  5.53812210    ,  0.00000000    ,  0.00000000    ,  0.00000000    ,  0.00000000    
N,    33,  2.88826653    ,  5.53766651    ,  0.00000000    ,  0.00000000    ,  0.00000000    ,  0.00000000    
N,    34,  3.41493934    ,  5.93992063    ,  0.00000000    ,  0.00000000    ,  0.00000000    ,  0.00000000    
N,    35,  3.05792464    ,  5.93956230    ,  0.00000000    ,  0.00000000    ,  0.00000000    ,  0.00000000    
N,    36,  3.99763343    ,  0.00000000    ,  0.00000000    ,  0.00000000    ,  0.00000000    ,  0.00000000    
N,    37,  2.99763343    ,  0.00000000    ,  0.00000000    ,  0.00000000    ,  0.00000000    ,  0.00000000    
N,    38,  3.49763343    ,  0.00000000    ,  0.00000000    ,  0.00000000    ,  0.00000000    ,  0.00000000    
N,    39,  4.76134507    ,  3.49684463    ,  0.00000000    ,  0.00000000    ,  0.00000000    ,  0.00000000    
N,    40,  4.39634684    ,  3.22432446    ,  0.00000000    ,  0.00000000    ,  0.00000000    ,  0.00000000    
N,    41,  4.06779905    ,  2.90872586    ,  0.00000000    ,  0.00000000    ,  0.00000000    ,  0.00000000    
N,    42,  3.77707713    ,  2.55792821    ,  0.00000000    ,  0.00000000    ,  0.00000000    ,  0.00000000    
N,    43,  3.52569929    ,  2.17792692    ,  0.00000000    ,  0.00000000    ,  0.00000000    ,  0.00000000    
N,    44,  3.31601080    ,  1.77342778    ,  0.00000000    ,  0.00000000    ,  0.00000000    ,  0.00000000    
N,    45,  3.15170689    ,  1.34848993    ,  0.00000000    ,  0.00000000    ,  0.00000000    ,  0.00000000    
N,    46,  3.03831417    , 0.907280122    ,  0.00000000    ,  0.00000000    ,  0.00000000    ,  0.00000000    
N,    47,  2.98360630    , 0.455113921    ,  0.00000000    ,  0.00000000    ,  0.00000000    ,  0.00000000    
N,    48,  3.96050914    , 0.497862121    ,  0.00000000    ,  0.00000000    ,  0.00000000    ,  0.00000000    
N,    49,  4.78576301    ,  2.13325723    ,  0.00000000    ,  0.00000000    ,  0.00000000    ,  0.00000000    
N,    50,  4.45475513    ,  1.79689314    ,  0.00000000    ,  0.00000000    ,  0.00000000    ,  0.00000000    
N,    51,  4.19206143    ,  1.40526184    ,  0.00000000    ,  0.00000000    ,  0.00000000    ,  0.00000000    
N,    52,  4.02345484    , 0.965105294    ,  0.00000000    ,  0.00000000    ,  0.00000000    ,  0.00000000    
N,    53,  4.90417835    ,  3.26322097    ,  0.00000000    ,  0.00000000    ,  0.00000000    ,  0.00000000    
N,    54,  4.74111592    ,  2.96057669    ,  0.00000000    ,  0.00000000    ,  0.00000000    ,  0.00000000    
N,    55,  3.56198837    , 0.482136090    ,  0.00000000    ,  0.00000000    ,  0.00000000    ,  0.00000000    
N,    56,  3.61715324    , 0.938303185    ,  0.00000000    ,  0.00000000    ,  0.00000000    ,  0.00000000    
N,    57,  3.61040110    ,  1.28385744    ,  0.00000000    ,  0.00000000    ,  0.00000000    ,  0.00000000    
N,    58,  4.52769237    ,  2.67150391    ,  0.00000000    ,  0.00000000    ,  0.00000000    ,  0.00000000    
N,    59,  3.78703232    ,  1.64518412    ,  0.00000000    ,  0.00000000    ,  0.00000000    ,  0.00000000    
N,    60,  4.03537447    ,  1.98428327    ,  0.00000000    ,  0.00000000    ,  0.00000000    ,  0.00000000    
N,    61,  4.29123662    ,  2.33939546    ,  0.00000000    ,  0.00000000    ,  0.00000000    ,  0.00000000    
N,    62,  0.00000000    ,  3.00000000    ,  0.00000000    ,  0.00000000    ,  0.00000000    ,  0.00000000    
N,    63,  3.16931869    ,  4.73653084    ,  0.00000000    ,  0.00000000    ,  0.00000000    ,  0.00000000    
N,    64,  2.89290638    ,  4.34694018    ,  0.00000000    ,  0.00000000    ,  0.00000000    ,  0.00000000    
N,    65,  2.57968001    ,  3.98635741    ,  0.00000000    ,  0.00000000    ,  0.00000000    ,  0.00000000    
N,    66,  2.22747430    ,  3.66385826    ,  0.00000000    ,  0.00000000    ,  0.00000000    ,  0.00000000    
N,    67,  1.83579895    ,  3.39082203    ,  0.00000000    ,  0.00000000    ,  0.00000000    ,  0.00000000    
N,    68,  1.40760144    ,  3.17985326    ,  0.00000000    ,  0.00000000    ,  0.00000000    ,  0.00000000    
N,    69, 0.950672415    ,  3.04195076    ,  0.00000000    ,  0.00000000    ,  0.00000000    ,  0.00000000    
N,    70, 0.477068255    ,  2.98267808    ,  0.00000000    ,  0.00000000    ,  0.00000000    ,  0.00000000    
N,    71,  0.00000000    ,  4.00000000    ,  0.00000000    ,  0.00000000    ,  0.00000000    ,  0.00000000    
N,    72,  0.00000000    ,  3.50000000    ,  0.00000000    ,  0.00000000    ,  0.00000000    ,  0.00000000    
N,    73, 0.497321996    ,  3.94831991    ,  0.00000000    ,  0.00000000    ,  0.00000000    ,  0.00000000    
N,    74, 0.247472840    ,  3.96257970    ,  0.00000000    ,  0.00000000    ,  0.00000000    ,  0.00000000    
N,    75,  2.07830301    ,  4.76187804    ,  0.00000000    ,  0.00000000    ,  0.00000000    ,  0.00000000    
N,    76,  1.76654225    ,  4.42122955    ,  0.00000000    ,  0.00000000    ,  0.00000000    ,  0.00000000    
N,    77,  1.38881387    ,  4.15640607    ,  0.00000000    ,  0.00000000    ,  0.00000000    ,  0.00000000    
N,    78, 0.956242211    ,  3.99663709    ,  0.00000000    ,  0.00000000    ,  0.00000000    ,  0.00000000    
N,    79, 0.364650466    ,  3.44454397    ,  0.00000000    ,  0.00000000    ,  0.00000000    ,  0.00000000    
N,    80, 0.701455775    ,  3.48975120    ,  0.00000000    ,  0.00000000    ,  0.00000000    ,  0.00000000    
N,    81,  2.84850003    ,  4.70444577    ,  0.00000000    ,  0.00000000    ,  0.00000000    ,  0.00000000    
N,    82,  1.11158517    ,  3.65221552    ,  0.00000000    ,  0.00000000    ,  0.00000000    ,  0.00000000    
N,    83,  1.56682659    ,  3.84417251    ,  0.00000000    ,  0.00000000    ,  0.00000000    ,  0.00000000    
N,    84,  1.96329177    ,  4.11368460    ,  0.00000000    ,  0.00000000    ,  0.00000000    ,  0.00000000    
N,    85,  2.43434399    ,  4.52863905    ,  0.00000000    ,  0.00000000    ,  0.00000000    ,  0.00000000    
N,    86,  5.16050914    , 0.497862121    ,  0.00000000    ,  0.00000000    ,  0.00000000    ,  0.00000000    
N,    87,  4.36050914    , 0.497862121    ,  0.00000000    ,  0.00000000    ,  0.00000000    ,  0.00000000    
N,    88,  4.76050914    , 0.497862121    ,  0.00000000    ,  0.00000000    ,  0.00000000    ,  0.00000000    
N,    89,  5.16050914    ,  1.93983998    ,  0.00000000    ,  0.00000000    ,  0.00000000    ,  0.00000000    
N,    90,  5.16050914    ,  1.45918069    ,  0.00000000    ,  0.00000000    ,  0.00000000    ,  0.00000000    
N,    91,  5.16050914    , 0.978521408    ,  0.00000000    ,  0.00000000    ,  0.00000000    ,  0.00000000    
N,    92,  6.36050914    , 0.500000000    ,  0.00000000    ,  0.00000000    ,  0.00000000    ,  0.00000000    
N,    93,  6.36050914    ,  2.64698950    ,  0.00000000    ,  0.00000000    ,  0.00000000    ,  0.00000000    
N,    94,  6.36050914    ,  2.21759160    ,  0.00000000    ,  0.00000000    ,  0.00000000    ,  0.00000000    
N,    95,  6.36050914    ,  1.78819370    ,  0.00000000    ,  0.00000000    ,  0.00000000    ,  0.00000000    
N,    96,  6.36050914    ,  1.35879580    ,  0.00000000    ,  0.00000000    ,  0.00000000    ,  0.00000000    
N,    97,  6.36050914    , 0.929397900    ,  0.00000000    ,  0.00000000    ,  0.00000000    ,  0.00000000    
N,    98,  10.0000000    , 0.500000000    ,  0.00000000    ,  0.00000000    ,  0.00000000    ,  0.00000000    
N,    99,  6.81544550    , 0.500000000    ,  0.00000000    ,  0.00000000    ,  0.00000000    ,  0.00000000    
N,   100,  7.27038185    , 0.500000000    ,  0.00000000    ,  0.00000000    ,  0.00000000    ,  0.00000000    
N,   101,  7.72531821    , 0.500000000    ,  0.00000000    ,  0.00000000    ,  0.00000000    ,  0.00000000    
N,   102,  8.18025457    , 0.500000000    ,  0.00000000    ,  0.00000000    ,  0.00000000    ,  0.00000000    
N,   103,  8.63519093    , 0.500000000    ,  0.00000000    ,  0.00000000    ,  0.00000000    ,  0.00000000    
N,   104,  9.09012728    , 0.500000000    ,  0.00000000    ,  0.00000000    ,  0.00000000    ,  0.00000000    
N,   105,  9.54506364    , 0.500000000    ,  0.00000000    ,  0.00000000    ,  0.00000000    ,  0.00000000    
N,   106,  10.0000000    ,  0.00000000    ,  0.00000000    ,  0.00000000    ,  0.00000000    ,  0.00000000    
N,   107,  9.53827949    ,  0.00000000    ,  0.00000000    ,  0.00000000    ,  0.00000000    ,  0.00000000    
N,   108,  9.07655899    ,  0.00000000    ,  0.00000000    ,  0.00000000    ,  0.00000000    ,  0.00000000    
N,   109,  8.61483848    ,  0.00000000    ,  0.00000000    ,  0.00000000    ,  0.00000000    ,  0.00000000    
N,   110,  8.15311798    ,  0.00000000    ,  0.00000000    ,  0.00000000    ,  0.00000000    ,  0.00000000    
N,   111,  7.69139747    ,  0.00000000    ,  0.00000000    ,  0.00000000    ,  0.00000000    ,  0.00000000    
N,   112,  7.22967697    ,  0.00000000    ,  0.00000000    ,  0.00000000    ,  0.00000000    ,  0.00000000    
N,   113,  6.76795646    ,  0.00000000    ,  0.00000000    ,  0.00000000    ,  0.00000000    ,  0.00000000    
N,   114,  6.30623596    ,  0.00000000    ,  0.00000000    ,  0.00000000    ,  0.00000000    ,  0.00000000    
N,   115,  5.84451545    ,  0.00000000    ,  0.00000000    ,  0.00000000    ,  0.00000000    ,  0.00000000    
N,   116,  5.38279494    ,  0.00000000    ,  0.00000000    ,  0.00000000    ,  0.00000000    ,  0.00000000    
N,   117,  4.92107444    ,  0.00000000    ,  0.00000000    ,  0.00000000    ,  0.00000000    ,  0.00000000    
N,   118,  4.45935393    ,  0.00000000    ,  0.00000000    ,  0.00000000    ,  0.00000000    ,  0.00000000    
N,   119,  5.71651758    ,  2.49099576    ,  0.00000000    ,  0.00000000    ,  0.00000000    ,  0.00000000    
N,   120,  5.77691016    , 0.492983351    ,  0.00000000    ,  0.00000000    ,  0.00000000    ,  0.00000000    
N,   121,  5.74409755    , 0.959005964    ,  0.00000000    ,  0.00000000    ,  0.00000000    ,  0.00000000    
N,   122,  5.92972243    ,  1.37573917    ,  0.00000000    ,  0.00000000    ,  0.00000000    ,  0.00000000    
N,   123,  6.02134108    ,  2.56827856    ,  0.00000000    ,  0.00000000    ,  0.00000000    ,  0.00000000    
N,   124,  5.99188476    ,  1.79834541    ,  0.00000000    ,  0.00000000    ,  0.00000000    ,  0.00000000    
N,   125,  5.64009321    ,  2.21001240    ,  0.00000000    ,  0.00000000    ,  0.00000000    ,  0.00000000    
N,   126,  6.01282968    ,  2.18181976    ,  0.00000000    ,  0.00000000    ,  0.00000000    ,  0.00000000    
N,   127,  5.53330965    ,  1.46902805    ,  0.00000000    ,  0.00000000    ,  0.00000000    ,  0.00000000    
N,   128,  5.56146728    ,  1.85873551    ,  0.00000000    ,  0.00000000    ,  0.00000000    ,  0.00000000    
N,   129, 0.497321996    ,  5.14831991    ,  0.00000000    ,  0.00000000    ,  0.00000000    ,  0.00000000    
N,   130,  1.87312244    ,  5.14831991    ,  0.00000000    ,  0.00000000    ,  0.00000000    ,  0.00000000    
N,   131,  1.41452229    ,  5.14831991    ,  0.00000000    ,  0.00000000    ,  0.00000000    ,  0.00000000    
N,   132, 0.955922143    ,  5.14831991    ,  0.00000000    ,  0.00000000    ,  0.00000000    ,  0.00000000    
N,   133, 0.497321996    ,  4.74831991    ,  0.00000000    ,  0.00000000    ,  0.00000000    ,  0.00000000    
N,   134, 0.497321996    ,  4.34831991    ,  0.00000000    ,  0.00000000    ,  0.00000000    ,  0.00000000    
N,   135,  0.00000000    ,  10.0000000    ,  0.00000000    ,  0.00000000    ,  0.00000000    ,  0.00000000    
N,   136,  0.00000000    ,  4.50000000    ,  0.00000000    ,  0.00000000    ,  0.00000000    ,  0.00000000    
N,   137,  0.00000000    ,  5.00000000    ,  0.00000000    ,  0.00000000    ,  0.00000000    ,  0.00000000    
N,   138,  0.00000000    ,  5.50000000    ,  0.00000000    ,  0.00000000    ,  0.00000000    ,  0.00000000    
N,   139,  0.00000000    ,  6.00000000    ,  0.00000000    ,  0.00000000    ,  0.00000000    ,  0.00000000    
N,   140,  0.00000000    ,  6.50000000    ,  0.00000000    ,  0.00000000    ,  0.00000000    ,  0.00000000    
N,   141,  0.00000000    ,  7.00000000    ,  0.00000000    ,  0.00000000    ,  0.00000000    ,  0.00000000    
N,   142,  0.00000000    ,  7.50000000    ,  0.00000000    ,  0.00000000    ,  0.00000000    ,  0.00000000    
N,   143,  0.00000000    ,  8.00000000    ,  0.00000000    ,  0.00000000    ,  0.00000000    ,  0.00000000    
N,   144,  0.00000000    ,  8.50000000    ,  0.00000000    ,  0.00000000    ,  0.00000000    ,  0.00000000    
N,   145,  0.00000000    ,  9.00000000    ,  0.00000000    ,  0.00000000    ,  0.00000000    ,  0.00000000    
N,   146,  0.00000000    ,  9.50000000    ,  0.00000000    ,  0.00000000    ,  0.00000000    ,  0.00000000    
N,   147, 0.500000000    ,  10.0000000    ,  0.00000000    ,  0.00000000    ,  0.00000000    ,  0.00000000    
N,   148, 0.500000000    ,  6.34831991    ,  0.00000000    ,  0.00000000    ,  0.00000000    ,  0.00000000    
N,   149, 0.500000000    ,  9.54353999    ,  0.00000000    ,  0.00000000    ,  0.00000000    ,  0.00000000    
N,   150, 0.500000000    ,  9.08707998    ,  0.00000000    ,  0.00000000    ,  0.00000000    ,  0.00000000    
N,   151, 0.500000000    ,  8.63061996    ,  0.00000000    ,  0.00000000    ,  0.00000000    ,  0.00000000    
N,   152, 0.500000000    ,  8.17415995    ,  0.00000000    ,  0.00000000    ,  0.00000000    ,  0.00000000    
N,   153, 0.500000000    ,  7.71769994    ,  0.00000000    ,  0.00000000    ,  0.00000000    ,  0.00000000    
N,   154, 0.500000000    ,  7.26123993    ,  0.00000000    ,  0.00000000    ,  0.00000000    ,  0.00000000    
N,   155, 0.500000000    ,  6.80477992    ,  0.00000000    ,  0.00000000    ,  0.00000000    ,  0.00000000    
N,   156,  2.38304928    ,  6.34831991    ,  0.00000000    ,  0.00000000    ,  0.00000000    ,  0.00000000    
N,   157,  1.91228696    ,  6.34831991    ,  0.00000000    ,  0.00000000    ,  0.00000000    ,  0.00000000    
N,   158,  1.44152464    ,  6.34831991    ,  0.00000000    ,  0.00000000    ,  0.00000000    ,  0.00000000    
N,   159, 0.970762320    ,  6.34831991    ,  0.00000000    ,  0.00000000    ,  0.00000000    ,  0.00000000    
N,   160,  2.41536048    ,  6.04351134    ,  0.00000000    ,  0.00000000    ,  0.00000000    ,  0.00000000    
N,   161,  1.46253316    ,  5.75180492    ,  0.00000000    ,  0.00000000    ,  0.00000000    ,  0.00000000    
N,   162, 0.970256916    ,  5.75068081    ,  0.00000000    ,  0.00000000    ,  0.00000000    ,  0.00000000    
N,   163, 0.491466263    ,  5.68909264    ,  0.00000000    ,  0.00000000    ,  0.00000000    ,  0.00000000    
N,   164,  2.03638771    ,  5.75109263    ,  0.00000000    ,  0.00000000    ,  0.00000000    ,  0.00000000    
N,   165,  7.72876656    ,  5.14831991    ,  0.00000000    ,  0.00000000    ,  0.00000000    ,  0.00000000    
N,   166,  6.79410486    ,  4.16257394    ,  0.00000000    ,  0.00000000    ,  0.00000000    ,  0.00000000    
N,   167,  7.18132539    ,  4.41430392    ,  0.00000000    ,  0.00000000    ,  0.00000000    ,  0.00000000    
N,   168,  7.50193104    ,  4.74656471    ,  0.00000000    ,  0.00000000    ,  0.00000000    ,  0.00000000    
N,   169,  7.79241435    ,  6.34831991    ,  0.00000000    ,  0.00000000    ,  0.00000000    ,  0.00000000    
N,   170,  7.85453130    ,  5.94660623    ,  0.00000000    ,  0.00000000    ,  0.00000000    ,  0.00000000    
N,   171,  7.83420942    ,  5.54077444    ,  0.00000000    ,  0.00000000    ,  0.00000000    ,  0.00000000    
N,   172,  6.75917646    ,  7.74503692    ,  0.00000000    ,  0.00000000    ,  0.00000000    ,  0.00000000    
N,   173,  7.11578407    ,  7.47867431    ,  0.00000000    ,  0.00000000    ,  0.00000000    ,  0.00000000    
N,   174,  7.41545614    ,  7.14973524    ,  0.00000000    ,  0.00000000    ,  0.00000000    ,  0.00000000    
N,   175,  7.64364677    ,  6.76771028    ,  0.00000000    ,  0.00000000    ,  0.00000000    ,  0.00000000    
N,   176,  5.16050914    ,  8.00624914    ,  0.00000000    ,  0.00000000    ,  0.00000000    ,  0.00000000    
N,   177,  4.07910527    ,  6.74593640    ,  0.00000000    ,  0.00000000    ,  0.00000000    ,  0.00000000    
N,   178,  4.26389029    ,  7.13059699    ,  0.00000000    ,  0.00000000    ,  0.00000000    ,  0.00000000    
N,   179,  4.49676946    ,  7.48792310    ,  0.00000000    ,  0.00000000    ,  0.00000000    ,  0.00000000    
N,   180,  4.79177268    ,  7.79526430    ,  0.00000000    ,  0.00000000    ,  0.00000000    ,  0.00000000    
N,   181,  6.79888900    ,  3.28622365    ,  0.00000000    ,  0.00000000    ,  0.00000000    ,  0.00000000    
N,   182,  7.22712416    ,  3.51585183    ,  0.00000000    ,  0.00000000    ,  0.00000000    ,  0.00000000    
N,   183,  7.63338178    ,  3.78226321    ,  0.00000000    ,  0.00000000    ,  0.00000000    ,  0.00000000    
N,   184,  8.00786156    ,  4.09160104    ,  0.00000000    ,  0.00000000    ,  0.00000000    ,  0.00000000    
N,   185,  8.33633672    ,  4.44916135    ,  0.00000000    ,  0.00000000    ,  0.00000000    ,  0.00000000    
N,   186,  8.59700650    ,  4.85842248    ,  0.00000000    ,  0.00000000    ,  0.00000000    ,  0.00000000    
N,   187,  8.76339020    ,  5.31396069    ,  0.00000000    ,  0.00000000    ,  0.00000000    ,  0.00000000    
N,   188,  8.82937410    ,  5.79467347    ,  0.00000000    ,  0.00000000    ,  0.00000000    ,  0.00000000    
N,   189,  8.80565567    ,  6.27950975    ,  0.00000000    ,  0.00000000    ,  0.00000000    ,  0.00000000    
N,   190,  8.70322524    ,  6.75411139    ,  0.00000000    ,  0.00000000    ,  0.00000000    ,  0.00000000    
N,   191,  8.53042608    ,  7.20790260    ,  0.00000000    ,  0.00000000    ,  0.00000000    ,  0.00000000    
N,   192,  8.29281081    ,  7.63136870    ,  0.00000000    ,  0.00000000    ,  0.00000000    ,  0.00000000    
N,   193,  7.99405619    ,  8.01410272    ,  0.00000000    ,  0.00000000    ,  0.00000000    ,  0.00000000    
N,   194,  7.63886747    ,  8.34512253    ,  0.00000000    ,  0.00000000    ,  0.00000000    ,  0.00000000    
N,   195,  7.23721435    ,  8.61796580    ,  0.00000000    ,  0.00000000    ,  0.00000000    ,  0.00000000    
N,   196,  6.79928752    ,  8.82771338    ,  0.00000000    ,  0.00000000    ,  0.00000000    ,  0.00000000    
N,   197,  6.33467295    ,  8.96869923    ,  0.00000000    ,  0.00000000    ,  0.00000000    ,  0.00000000    
N,   198,  5.85358629    ,  9.03371495    ,  0.00000000    ,  0.00000000    ,  0.00000000    ,  0.00000000    
N,   199,  5.36864485    ,  9.01410898    ,  0.00000000    ,  0.00000000    ,  0.00000000    ,  0.00000000    
N,   200,  4.89668441    ,  8.90160252    ,  0.00000000    ,  0.00000000    ,  0.00000000    ,  0.00000000    
N,   201,  4.45629363    ,  8.69773727    ,  0.00000000    ,  0.00000000    ,  0.00000000    ,  0.00000000    
N,   202,  4.05925857    ,  8.41843375    ,  0.00000000    ,  0.00000000    ,  0.00000000    ,  0.00000000    
N,   203,  3.71330010    ,  8.07781444    ,  0.00000000    ,  0.00000000    ,  0.00000000    ,  0.00000000    
N,   204,  3.42649047    ,  7.68610716    ,  0.00000000    ,  0.00000000    ,  0.00000000    ,  0.00000000    
N,   205,  3.20096655    ,  7.25594939    ,  0.00000000    ,  0.00000000    ,  0.00000000    ,  0.00000000    
N,   206,  3.01848501    ,  6.80558954    ,  0.00000000    ,  0.00000000    ,  0.00000000    ,  0.00000000    
N,   207,  4.91906027    ,  8.66685489    ,  0.00000000    ,  0.00000000    ,  0.00000000    ,  0.00000000    
N,   208,  7.85839738    ,  7.77857089    ,  0.00000000    ,  0.00000000    ,  0.00000000    ,  0.00000000    
N,   209,  4.63802161    ,  8.17125899    ,  0.00000000    ,  0.00000000    ,  0.00000000    ,  0.00000000    
N,   210,  7.90728498    ,  7.23900330    ,  0.00000000    ,  0.00000000    ,  0.00000000    ,  0.00000000    
N,   211,  4.67607091    ,  8.53948486    ,  0.00000000    ,  0.00000000    ,  0.00000000    ,  0.00000000    
N,   212,  8.14786816    ,  5.46540322    ,  0.00000000    ,  0.00000000    ,  0.00000000    ,  0.00000000    
N,   213,  5.20037402    ,  8.51146949    ,  0.00000000    ,  0.00000000    ,  0.00000000    ,  0.00000000    
N,   214,  3.24893579    ,  6.67018919    ,  0.00000000    ,  0.00000000    ,  0.00000000    ,  0.00000000    
N,   215,  3.56708697    ,  6.83433724    ,  0.00000000    ,  0.00000000    ,  0.00000000    ,  0.00000000    
N,   216,  6.12330610    ,  8.44150439    ,  0.00000000    ,  0.00000000    ,  0.00000000    ,  0.00000000    
N,   217,  5.68236786    ,  8.49067506    ,  0.00000000    ,  0.00000000    ,  0.00000000    ,  0.00000000    
N,   218,  6.59525500    ,  8.36833866    ,  0.00000000    ,  0.00000000    ,  0.00000000    ,  0.00000000    
N,   219,  4.15930208    ,  7.72315830    ,  0.00000000    ,  0.00000000    ,  0.00000000    ,  0.00000000    
N,   220,  3.82935663    ,  7.36155525    ,  0.00000000    ,  0.00000000    ,  0.00000000    ,  0.00000000    
N,   221,  8.17975791    ,  5.89188313    ,  0.00000000    ,  0.00000000    ,  0.00000000    ,  0.00000000    
N,   222,  8.01195901    ,  5.04032731    ,  0.00000000    ,  0.00000000    ,  0.00000000    ,  0.00000000    
N,   223,  8.12537513    ,  6.33902330    ,  0.00000000    ,  0.00000000    ,  0.00000000    ,  0.00000000    
N,   224,  7.48350544    ,  7.74761673    ,  0.00000000    ,  0.00000000    ,  0.00000000    ,  0.00000000    
N,   225,  8.02829354    ,  6.78952744    ,  0.00000000    ,  0.00000000    ,  0.00000000    ,  0.00000000    
N,   226,  6.95883490    ,  8.12011658    ,  0.00000000    ,  0.00000000    ,  0.00000000    ,  0.00000000    
N,   227,  7.76958046    ,  4.63189547    ,  0.00000000    ,  0.00000000    ,  0.00000000    ,  0.00000000    
N,   228,  7.47360970    ,  4.27703212    ,  0.00000000    ,  0.00000000    ,  0.00000000    ,  0.00000000    
N,   229,  6.98747824    ,  3.86321816    ,  0.00000000    ,  0.00000000    ,  0.00000000    ,  0.00000000    
N,   230,  8.02700171    ,  7.55047037    ,  0.00000000    ,  0.00000000    ,  0.00000000    ,  0.00000000    
N,   231,  5.16050914    ,  5.14831991    ,  0.00000000    ,  0.00000000    ,  0.00000000    ,  0.00000000    
N,   232,  5.16050914    ,  4.19351122    ,  0.00000000    ,  0.00000000    ,  0.00000000    ,  0.00000000    
N,   233,  5.16050914    ,  4.67091556    ,  0.00000000    ,  0.00000000    ,  0.00000000    ,  0.00000000    
N,   234,  3.84875020    ,  5.14831991    ,  0.00000000    ,  0.00000000    ,  0.00000000    ,  0.00000000    
N,   235,  4.28600318    ,  5.14831991    ,  0.00000000    ,  0.00000000    ,  0.00000000    ,  0.00000000    
N,   236,  4.72325616    ,  5.14831991    ,  0.00000000    ,  0.00000000    ,  0.00000000    ,  0.00000000    
N,   237,  5.16050914    ,  6.34831991    ,  0.00000000    ,  0.00000000    ,  0.00000000    ,  0.00000000    
N,   238,  4.33598614    ,  6.34831991    ,  0.00000000    ,  0.00000000    ,  0.00000000    ,  0.00000000    
N,   239,  4.74824764    ,  6.34831991    ,  0.00000000    ,  0.00000000    ,  0.00000000    ,  0.00000000    
N,   240,  5.16050914    ,  6.76280221    ,  0.00000000    ,  0.00000000    ,  0.00000000    ,  0.00000000    
N,   241,  5.16050914    ,  7.17728452    ,  0.00000000    ,  0.00000000    ,  0.00000000    ,  0.00000000    
N,   242,  5.16050914    ,  7.59176683    ,  0.00000000    ,  0.00000000    ,  0.00000000    ,  0.00000000    
N,   243,  6.36050914    ,  6.34831991    ,  0.00000000    ,  0.00000000    ,  0.00000000    ,  0.00000000    
N,   244,  6.36050914    ,  7.54431476    ,  0.00000000    ,  0.00000000    ,  0.00000000    ,  0.00000000    
N,   245,  6.36050914    ,  7.14564981    ,  0.00000000    ,  0.00000000    ,  0.00000000    ,  0.00000000    
N,   246,  6.36050914    ,  6.74698486    ,  0.00000000    ,  0.00000000    ,  0.00000000    ,  0.00000000    
N,   247,  6.83781087    ,  6.34831991    ,  0.00000000    ,  0.00000000    ,  0.00000000    ,  0.00000000    
N,   248,  7.31511261    ,  6.34831991    ,  0.00000000    ,  0.00000000    ,  0.00000000    ,  0.00000000    
N,   249,  6.36050914    ,  5.14831991    ,  0.00000000    ,  0.00000000    ,  0.00000000    ,  0.00000000    
N,   250,  7.27268076    ,  5.14831991    ,  0.00000000    ,  0.00000000    ,  0.00000000    ,  0.00000000    
N,   251,  6.81659495    ,  5.14831991    ,  0.00000000    ,  0.00000000    ,  0.00000000    ,  0.00000000    
N,   252,  6.36050914    ,  4.38532828    ,  0.00000000    ,  0.00000000    ,  0.00000000    ,  0.00000000    
N,   253,  6.36050914    ,  4.76682409    ,  0.00000000    ,  0.00000000    ,  0.00000000    ,  0.00000000    
N,   254,  4.18052278    ,  5.94552810    ,  0.00000000    ,  0.00000000    ,  0.00000000    ,  0.00000000    
N,   255,  5.53931985    ,  5.56567878    ,  0.00000000    ,  0.00000000    ,  0.00000000    ,  0.00000000    
N,   256,  5.96592456    ,  5.95248562    ,  0.00000000    ,  0.00000000    ,  0.00000000    ,  0.00000000    
N,   257,  5.95771486    ,  7.56894695    ,  0.00000000    ,  0.00000000    ,  0.00000000    ,  0.00000000    
N,   258,  5.96432397    ,  7.16155061    ,  0.00000000    ,  0.00000000    ,  0.00000000    ,  0.00000000    
N,   259,  5.96129945    ,  6.75443747    ,  0.00000000    ,  0.00000000    ,  0.00000000    ,  0.00000000    
N,   260,  5.95952322    ,  6.34831991    ,  0.00000000    ,  0.00000000    ,  0.00000000    ,  0.00000000    
N,   261,  5.56927934    ,  7.58451699    ,  0.00000000    ,  0.00000000    ,  0.00000000    ,  0.00000000    
N,   262,  4.61771691    ,  5.95604458    ,  0.00000000    ,  0.00000000    ,  0.00000000    ,  0.00000000    
N,   263,  5.11431432    ,  5.95213805    ,  0.00000000    ,  0.00000000    ,  0.00000000    ,  0.00000000    
N,   264,  4.00870417    ,  5.54827970    ,  0.00000000    ,  0.00000000    ,  0.00000000    ,  0.00000000    
N,   265,  5.93124674    ,  5.17911894    ,  0.00000000    ,  0.00000000    ,  0.00000000    ,  0.00000000    
N,   266,  5.93995902    ,  4.74772839    ,  0.00000000    ,  0.00000000    ,  0.00000000    ,  0.00000000    
N,   267,  5.94413214    ,  4.33558763    ,  0.00000000    ,  0.00000000    ,  0.00000000    ,  0.00000000    
N,   268,  5.53260351    ,  4.25772620    ,  0.00000000    ,  0.00000000    ,  0.00000000    ,  0.00000000    
N,   269,  5.53924354    ,  4.70017500    ,  0.00000000    ,  0.00000000    ,  0.00000000    ,  0.00000000    
N,   270,  5.53818168    ,  5.16646840    ,  0.00000000    ,  0.00000000    ,  0.00000000    ,  0.00000000    
N,   271,  7.29213692    ,  5.54712661    ,  0.00000000    ,  0.00000000    ,  0.00000000    ,  0.00000000    
N,   272,  7.30519003    ,  5.95259459    ,  0.00000000    ,  0.00000000    ,  0.00000000    ,  0.00000000    
N,   273,  6.82827831    ,  5.54484612    ,  0.00000000    ,  0.00000000    ,  0.00000000    ,  0.00000000    
N,   274,  6.38927034    ,  5.55048821    ,  0.00000000    ,  0.00000000    ,  0.00000000    ,  0.00000000    
N,   275,  6.84513680    ,  5.95037061    ,  0.00000000    ,  0.00000000    ,  0.00000000    ,  0.00000000    
N,   276,  6.39614760    ,  5.94685863    ,  0.00000000    ,  0.00000000    ,  0.00000000    ,  0.00000000    
N,   277,  4.36356175    ,  5.51073380    ,  0.00000000    ,  0.00000000    ,  0.00000000    ,  0.00000000    
N,   278,  4.77013252    ,  5.51570664    ,  0.00000000    ,  0.00000000    ,  0.00000000    ,  0.00000000    
N,   279,  5.12910897    ,  5.56254004    ,  0.00000000    ,  0.00000000    ,  0.00000000    ,  0.00000000    
N,   280,  5.56100755    ,  7.17222291    ,  0.00000000    ,  0.00000000    ,  0.00000000    ,  0.00000000    
N,   281,  5.56298387    ,  6.76314667    ,  0.00000000    ,  0.00000000    ,  0.00000000    ,  0.00000000    
N,   282,  5.55999257    ,  6.35244049    ,  0.00000000    ,  0.00000000    ,  0.00000000    ,  0.00000000    
N,   283,  5.94990985    ,  5.55940932    ,  0.00000000    ,  0.00000000    ,  0.00000000    ,  0.00000000    
N,   284,  5.54514676    ,  5.95892305    ,  0.00000000    ,  0.00000000    ,  0.00000000    ,  0.00000000    
MAT,     1
EN,      1,      2,      3,      4,      4
EN,      2,      1,      4,      3,      3
EN,      3,     19,     15,     12,     13
EN,      4,     13,     17,     19,     19
EN,      5,     19,     17,     16,     18
EN,      6,     19,     18,     14,     15
EN,      7,     18,     16,      8,      7
EN,      8,     14,     18,      7,      5
EN,      9,     17,     13,      9,     11
EN,     10,     16,     17,     11,     10
EN,     11,      8,     16,     10,      6
EN,     12,     20,     30,     32,     22
EN,     13,     30,     31,     34,     32
EN,     14,     31,     27,     29,     34
EN,     15,     22,     32,     33,     23
EN,     16,     32,     34,     35,     33
EN,     17,     34,     29,     28,     35
EN,     18,     23,     33,     25,     21
EN,     19,     33,     35,     26,     25
EN,     20,     35,     28,     24,     26
EN,     21,     58,      5,      7,     54
EN,     22,     61,     49,      5,     58
EN,     23,     58,     41,     42,     61
EN,     24,     61,     42,     43,     60
EN,     25,     59,     57,     51,     51
EN,     26,     60,     59,     51,     50
EN,     27,     61,     60,     50,     49
EN,     28,     59,     60,     43,     44
EN,     29,     57,     59,     44,     45
EN,     30,     58,     54,     40,     41
EN,     31,     51,     57,     56,     52
EN,     32,     56,     57,     45,     46
EN,     33,     54,     53,     39,     40
EN,     34,     52,     56,     55,     48
EN,     35,     55,     56,     46,     47
EN,     36,     48,     55,     38,     36
EN,     37,     38,     55,     47,     37
EN,     38,     53,     54,      7,      8
EN,     39,     39,     53,      8,      6
EN,     40,     64,     63,     81,     81
EN,     41,     81,     85,     65,     64
EN,     42,     85,     84,     66,     65
EN,     43,     66,     84,     83,     67
EN,     44,     67,     83,     82,     68
EN,     45,     82,     80,     69,     68
EN,     46,     69,     80,     79,     70
EN,     47,     84,     85,     75,     76
EN,     48,     83,     84,     76,     77
EN,     49,     80,     82,     78,     73
EN,     50,     82,     83,     77,     78
EN,     51,     70,     79,     72,     62
EN,     52,     85,     81,     22,     23
EN,     53,     75,     85,     23,     21
EN,     54,     81,     63,     20,     22
EN,     55,     79,     80,     73,     74
EN,     56,     72,     79,     74,     71
MAT,     2
REAL,     2
EN,     57,    123,    119,    125,    126
EN,     58,    123,     15,     14,    119
EN,     59,    119,     14,      5,    125
EN,     60,    122,    127,    121,    121
EN,     61,    127,    122,    124,    128
EN,     62,    128,    124,    126,    125
EN,     63,    128,    125,      5,     89
EN,     64,    127,    128,     89,     90
EN,     65,    120,    121,     91,     86
EN,     66,    121,    127,     90,     91
EN,     67,    124,    122,     96,     95
EN,     68,    126,    124,     95,     94
EN,     69,    123,    126,     94,     93
EN,     70,     15,    123,     93,     12
EN,     71,    122,    121,     97,     96
EN,     72,    120,     86,    116,    115
EN,     73,    121,    120,     92,     97
EN,     74,     92,    120,    115,    114
EN,     75,     92,    114,    113,     99
EN,     76,     99,    113,    112,    100
EN,     77,    100,    112,    111,    101
EN,     78,    101,    111,    110,    102
EN,     79,    102,    110,    109,    103
EN,     80,    103,    109,    108,    104
EN,     81,    104,    108,    107,    105
EN,     82,    105,    107,    106,     98
EN,     83,    117,    116,     86,     88
EN,     84,    118,    117,     88,     87
EN,     85,     36,    118,     87,     48
EN,     86,    164,     25,     26,    160
EN,     87,     21,     25,    164,    130
EN,     88,    161,    131,    130,    164
EN,     89,    164,    157,    158,    161
EN,     90,    157,    164,    160,    156
EN,     91,    162,    161,    158,    159
EN,     92,    163,    162,    159,    148
EN,     93,    163,    148,    139,    138
EN,     94,    163,    138,    137,    129
EN,     95,    162,    163,    129,    132
EN,     96,    161,    162,    132,    131
EN,     97,    140,    139,    148,    155
EN,     98,    141,    140,    155,    154
EN,     99,    141,    154,    153,    142
EN,    100,    142,    153,    152,    143
EN,    101,    156,    160,     26,     24
EN,    102,    143,    152,    151,    144
EN,    103,    144,    151,    150,    145
EN,    104,    145,    150,    149,    146
EN,    105,    146,    149,    147,    135
EN,    106,    134,    133,    136,    136
EN,    107,    134,    136,     71,     73
EN,    108,    137,    136,    133,    129
MAT,     1
REAL,     1
EN,    109,    213,    207,    211,    209
EN,    110,    207,    213,    199,    200
EN,    111,    200,    201,    211,    207
EN,    112,    211,    201,    202,    209
EN,    113,    203,    219,    209,    202
EN,    114,    179,    180,    209,    219
EN,    115,    209,    180,    176,    213
EN,    116,    230,    208,    224,    210
EN,    117,    208,    230,    192,    193
EN,    118,    208,    193,    194,    224
EN,    119,    210,    174,    175,    225
EN,    120,    174,    210,    224,    173
EN,    121,    210,    225,    190,    191
EN,    122,    230,    210,    191,    192
EN,    123,    213,    176,      1,    217
EN,    124,    229,    182,    183,    183
EN,    125,    181,    182,    229,    229
EN,    126,    228,    229,    183,    184
EN,    127,    225,    223,    189,    190
EN,    128,    223,    221,    188,    189
EN,    129,    188,    221,    212,    187
EN,    130,    228,    184,    185,    227
EN,    131,    227,    185,    186,    222
EN,    132,    212,    222,    186,    187
EN,    133,    224,    194,    195,    226
EN,    134,    226,    195,    196,    218
EN,    135,    218,    196,    197,    216
EN,    136,    216,    197,    198,    217
EN,    137,    213,    217,    198,    199
EN,    138,    219,    203,    204,    220
EN,    139,    220,    204,    205,    215
EN,    140,    181,    229,     13,     12
EN,    141,    229,    228,    167,    166
EN,    142,     13,    229,    166,      9
EN,    143,    228,    227,    168,    167
EN,    144,    227,    222,    165,    168
EN,    145,    224,    226,    172,    173
EN,    146,    226,    218,      2,    172
EN,    147,    223,    225,    175,    169
EN,    148,    221,    223,    169,    170
EN,    149,    222,    212,    171,    165
EN,    150,    212,    221,    170,    171
EN,    151,    214,    215,    205,    206
EN,    152,    220,    215,    177,    178
EN,    153,    219,    220,    178,    179
EN,    154,    218,    216,      3,      2
EN,    155,    216,    217,      1,      3
EN,    156,    177,    215,     29,     27
EN,    157,    215,    214,     28,     29
EN,    158,    214,    206,     24,     28
MAT,     2
REAL,     2
EN,    159,    262,    254,    264,    277
EN,    160,    238,    254,    262,    239
EN,    161,     27,     31,    254,    238
EN,    162,     30,    264,    254,     31
EN,    163,    277,    278,    262,    262
EN,    164,    262,    278,    279,    263
EN,    165,    263,    279,    255,    284
EN,    166,    284,    255,    283,    256
EN,    167,    256,    283,    274,    276
EN,    168,    256,    276,    243,    260
EN,    169,    284,    256,    260,    282
EN,    170,    274,    283,    265,    249
EN,    171,    263,    284,    282,    237
EN,    172,    283,    255,    270,    265
EN,    173,    255,    279,    231,    270
EN,    174,    282,    260,    259,    281
EN,    175,    282,    281,    240,    237
EN,    176,    281,    259,    258,    280
EN,    177,    281,    280,    241,    240
EN,    178,    280,    258,    257,    261
EN,    179,    280,    261,    242,    241
EN,    180,    279,    278,    236,    231
EN,    181,    278,    277,    235,    236
EN,    182,    277,    264,    234,    235
EN,    183,    276,    274,    273,    275
EN,    184,    276,    275,    247,    243
EN,    185,    275,    273,    271,    272
EN,    186,    275,    272,    248,    247
EN,    187,    273,    274,    249,    251
EN,    188,    271,    273,    251,    250
EN,    189,    248,    272,    170,    169
EN,    190,    272,    271,    171,    170
EN,    191,    171,    271,    250,    165
EN,    192,    265,    270,    269,    266
EN,    193,    269,    270,    231,    233
EN,    194,    266,    269,    268,    267
EN,    195,    268,    269,    233,    232
EN,    196,    268,    232,      6,     10
EN,    197,    267,    268,     10,     11
EN,    198,    267,     11,      9,    252
EN,    199,    266,    267,    252,    253
EN,    200,    265,    266,    253,    249
EN,    201,    234,    264,     30,     20
EN,    202,    262,    263,    237,    239
EN,    203,    261,    257,      4,      1
EN,    204,    242,    261,      1,    176
EN,    205,    259,    260,    243,    246
EN,    206,    258,    259,    246,    245
EN,    207,    257,    258,    245,    244
EN,    208,      4,    257,    244,      2

! Red
MP,	EX,  	1,	1.01
MP,	PRXY,	1,	0.3
MP, KXX,	1,	1.1
MP,	CTEX, 	1, 	3.5e-3
R, 	1,	1  
! Blue
MP,	EX,  	2,	3.5
MP,	PRXY,	2,	0.3
MP, KXX,	2,	1.1
MP,	CTEX, 	2, 	8.01e-4
R, 	2,	1  
                                                      
D,    36,UY,  100.000000    
D,    37,UY,  100.000000    
D,    38,UY,  100.000000    
D,    62,UX,  0.00000000    
T,    62,TEMP,  100.000000    
D,    71,UX,  0.00000000    
T,    71,TEMP,  100.000000    
D,    72,UX,  0.00000000    
T,    72,TEMP,  100.000000    
D,    98,UY,  0.00000000    
D,   106,UY,  100.000000    
D,   107,UY,  100.000000    
D,   108,UY,  100.000000    
D,   109,UY,  100.000000    
D,   110,UY,  100.000000    
D,   111,UY,  100.000000    
D,   112,UY,  100.000000    
D,   113,UY,  100.000000    
D,   114,UY,  100.000000    
D,   115,UY,  100.000000    
D,   116,UY,  100.000000    
D,   117,UY,  100.000000    
D,   118,UY,  100.000000    
D,   135,UX,  0.00000000    
T,   135,TEMP,  100.000000    
D,   136,UX,  0.00000000    
T,   136,TEMP,  100.000000    
D,   137,UX,  0.00000000    
T,   137,TEMP,  100.000000    
D,   138,UX,  0.00000000    
T,   138,TEMP,  100.000000    
D,   139,UX,  0.00000000    
T,   139,TEMP,  100.000000    
D,   140,UX,  0.00000000    
T,   140,TEMP,  100.000000    
D,   141,UX,  0.00000000    
T,   141,TEMP,  100.000000    
D,   142,UX,  0.00000000    
T,   142,TEMP,  100.000000    
D,   143,UX,  0.00000000    
T,   143,TEMP,  100.000000    
D,   144,UX,  0.00000000    
T,   144,TEMP,  100.000000    
D,   145,UX,  0.00000000    
T,   145,TEMP,  100.000000    
D,   146,UX,  0.00000000    
T,   146,TEMP,  100.000000    
D,   147,UX,  0.00000000    

FINISH

/SOLU
antype, thermstat
FINISH
