/PREP7                                                                                                                  
/TITLE,                                                                                                                
ET, 1, PLANE42, , , 3                                                                                                      
R,     1,  1.00000000    ,  0.00000000    ,  0.00000000    ,  0.00000000    ,  0.00000000    ,  0.00000000    
N,     1,  5.57551696    ,  8.08424279    ,  0.00000000    ,  0.00000000    ,  0.00000000    ,  0.00000000    
N,     2,  6.36050914    ,  7.94297971    ,  0.00000000    ,  0.00000000    ,  0.00000000    ,  0.00000000    
N,     3,  5.97611524    ,  8.05927064    ,  0.00000000    ,  0.00000000    ,  0.00000000    ,  0.00000000    
N,     4,  5.97504149    ,  8.05345325    ,  0.00000000    ,  0.00000000    ,  0.00000000    ,  0.00000000    
N,     5,  5.16050914    ,  2.42049927    ,  0.00000000    ,  0.00000000    ,  0.00000000    ,  0.00000000    
N,     6,  5.16050914    ,  3.71610687    ,  0.00000000    ,  0.00000000    ,  0.00000000    ,  0.00000000    
N,     7,  5.16050914    ,  3.06830307    ,  0.00000000    ,  0.00000000    ,  0.00000000    ,  0.00000000    
N,     8,  6.36050914    ,  4.00383247    ,  0.00000000    ,  0.00000000    ,  0.00000000    ,  0.00000000    
N,     9,  5.74870321    ,  3.90670090    ,  0.00000000    ,  0.00000000    ,  0.00000000    ,  0.00000000    
N,    10,  6.36050914    ,  3.07638740    ,  0.00000000    ,  0.00000000    ,  0.00000000    ,  0.00000000    
N,    11,  6.36050914    ,  3.54010993    ,  0.00000000    ,  0.00000000    ,  0.00000000    ,  0.00000000    
N,    12,  5.74755025    ,  2.77188304    ,  0.00000000    ,  0.00000000    ,  0.00000000    ,  0.00000000    
N,    13,  5.74813126    ,  3.33924409    ,  0.00000000    ,  0.00000000    ,  0.00000000    ,  0.00000000    
N,    14,  3.41149722    ,  5.14831991    ,  0.00000000    ,  0.00000000    ,  0.00000000    ,  0.00000000    
N,    15,  2.33172259    ,  5.14831991    ,  0.00000000    ,  0.00000000    ,  0.00000000    ,  0.00000000    
N,    16,  2.87160990    ,  5.14831991    ,  0.00000000    ,  0.00000000    ,  0.00000000    ,  0.00000000    
N,    17,  2.85381160    ,  6.34831991    ,  0.00000000    ,  0.00000000    ,  0.00000000    ,  0.00000000    
N,    18,  2.61841257    ,  5.73700518    ,  0.00000000    ,  0.00000000    ,  0.00000000    ,  0.00000000    
N,    19,  3.92372465    ,  6.34831991    ,  0.00000000    ,  0.00000000    ,  0.00000000    ,  0.00000000    
N,    20,  3.38876812    ,  6.34831991    ,  0.00000000    ,  0.00000000    ,  0.00000000    ,  0.00000000    
N,    21,  3.69114714    ,  5.73816255    ,  0.00000000    ,  0.00000000    ,  0.00000000    ,  0.00000000    
N,    22,  3.15477915    ,  5.73758420    ,  0.00000000    ,  0.00000000    ,  0.00000000    ,  0.00000000    
N,    23,  3.99763343    ,  0.00000000    ,  0.00000000    ,  0.00000000    ,  0.00000000    ,  0.00000000    
N,    24,  2.99763343    ,  0.00000000    ,  0.00000000    ,  0.00000000    ,  0.00000000    ,  0.00000000    
N,    25,  3.49763343    ,  0.00000000    ,  0.00000000    ,  0.00000000    ,  0.00000000    ,  0.00000000    
N,    26,  4.60056362    ,  3.38592331    ,  0.00000000    ,  0.00000000    ,  0.00000000    ,  0.00000000    
N,    27,  4.11244837    ,  2.95612720    ,  0.00000000    ,  0.00000000    ,  0.00000000    ,  0.00000000    
N,    28,  3.70115792    ,  2.45211173    ,  0.00000000    ,  0.00000000    ,  0.00000000    ,  0.00000000    
N,    29,  3.37148257    ,  1.89125690    ,  0.00000000    ,  0.00000000    ,  0.00000000    ,  0.00000000    
N,    30,  3.13223548    ,  1.28635052    ,  0.00000000    ,  0.00000000    ,  0.00000000    ,  0.00000000    
N,    31,  2.99926873    , 0.649811466    ,  0.00000000    ,  0.00000000    ,  0.00000000    ,  0.00000000    
N,    32,  3.96050914    , 0.497862121    ,  0.00000000    ,  0.00000000    ,  0.00000000    ,  0.00000000    
N,    33,  4.69806852    ,  2.05414906    ,  0.00000000    ,  0.00000000    ,  0.00000000    ,  0.00000000    
N,    34,  4.31313049    ,  1.60795859    ,  0.00000000    ,  0.00000000    ,  0.00000000    ,  0.00000000    
N,    35,  4.05576558    ,  1.07869180    ,  0.00000000    ,  0.00000000    ,  0.00000000    ,  0.00000000    
N,    36,  3.52293014    , 0.562500551    ,  0.00000000    ,  0.00000000    ,  0.00000000    ,  0.00000000    
N,    37,  3.66403180    ,  1.17849863    ,  0.00000000    ,  0.00000000    ,  0.00000000    ,  0.00000000    
N,    38,  3.93320110    ,  1.75202502    ,  0.00000000    ,  0.00000000    ,  0.00000000    ,  0.00000000    
N,    39,  4.24842339    ,  2.27135233    ,  0.00000000    ,  0.00000000    ,  0.00000000    ,  0.00000000    
N,    40,  4.50856185    ,  2.69028625    ,  0.00000000    ,  0.00000000    ,  0.00000000    ,  0.00000000    
N,    41,  4.76097907    ,  3.06983704    ,  0.00000000    ,  0.00000000    ,  0.00000000    ,  0.00000000    
N,    42,  0.00000000    ,  3.00000000    ,  0.00000000    ,  0.00000000    ,  0.00000000    ,  0.00000000    
N,    43,  3.09394868    ,  4.62269482    ,  0.00000000    ,  0.00000000    ,  0.00000000    ,  0.00000000    
N,    44,  2.71858791    ,  4.13681444    ,  0.00000000    ,  0.00000000    ,  0.00000000    ,  0.00000000    
N,    45,  2.28022292    ,  3.70718844    ,  0.00000000    ,  0.00000000    ,  0.00000000    ,  0.00000000    
N,    46,  1.77673805    ,  3.35659216    ,  0.00000000    ,  0.00000000    ,  0.00000000    ,  0.00000000    
N,    47,  1.21466278    ,  3.11131695    ,  0.00000000    ,  0.00000000    ,  0.00000000    ,  0.00000000    
N,    48, 0.613295437    ,  2.99156647    ,  0.00000000    ,  0.00000000    ,  0.00000000    ,  0.00000000    
N,    49,  0.00000000    ,  4.00000000    ,  0.00000000    ,  0.00000000    ,  0.00000000    ,  0.00000000    
N,    50,  0.00000000    ,  3.50000000    ,  0.00000000    ,  0.00000000    ,  0.00000000    ,  0.00000000    
N,    51, 0.497321996    ,  3.94831991    ,  0.00000000    ,  0.00000000    ,  0.00000000    ,  0.00000000    
N,    52,  2.00633219    ,  4.67140412    ,  0.00000000    ,  0.00000000    ,  0.00000000    ,  0.00000000    
N,    53,  1.58578502    ,  4.27723198    ,  0.00000000    ,  0.00000000    ,  0.00000000    ,  0.00000000    
N,    54,  1.06808818    ,  4.02584611    ,  0.00000000    ,  0.00000000    ,  0.00000000    ,  0.00000000    
N,    55,  2.50041188    ,  4.57121487    ,  0.00000000    ,  0.00000000    ,  0.00000000    ,  0.00000000    
N,    56, 0.550249790    ,  3.52586375    ,  0.00000000    ,  0.00000000    ,  0.00000000    ,  0.00000000    
N,    57,  2.82068242    ,  4.77565515    ,  0.00000000    ,  0.00000000    ,  0.00000000    ,  0.00000000    
N,    58,  1.13807012    ,  3.66840809    ,  0.00000000    ,  0.00000000    ,  0.00000000    ,  0.00000000    
N,    59,  1.68102482    ,  3.94548151    ,  0.00000000    ,  0.00000000    ,  0.00000000    ,  0.00000000    
N,    60,  2.15199189    ,  4.32331999    ,  0.00000000    ,  0.00000000    ,  0.00000000    ,  0.00000000    
N,    61,  5.16050914    , 0.497862121    ,  0.00000000    ,  0.00000000    ,  0.00000000    ,  0.00000000    
N,    62,  4.56050914    , 0.497862121    ,  0.00000000    ,  0.00000000    ,  0.00000000    ,  0.00000000    
N,    63,  5.16050914    ,  1.77962022    ,  0.00000000    ,  0.00000000    ,  0.00000000    ,  0.00000000    
N,    64,  5.16050914    ,  1.13874117    ,  0.00000000    ,  0.00000000    ,  0.00000000    ,  0.00000000    
N,    65,  6.36050914    , 0.500000000    ,  0.00000000    ,  0.00000000    ,  0.00000000    ,  0.00000000    
N,    66,  6.36050914    ,  2.43229055    ,  0.00000000    ,  0.00000000    ,  0.00000000    ,  0.00000000    
N,    67,  6.36050914    ,  1.78819370    ,  0.00000000    ,  0.00000000    ,  0.00000000    ,  0.00000000    
N,    68,  6.36050914    ,  1.14409685    ,  0.00000000    ,  0.00000000    ,  0.00000000    ,  0.00000000    
N,    69,  10.0000000    , 0.500000000    ,  0.00000000    ,  0.00000000    ,  0.00000000    ,  0.00000000    
N,    70,  6.96709095    , 0.500000000    ,  0.00000000    ,  0.00000000    ,  0.00000000    ,  0.00000000    
N,    71,  7.57367276    , 0.500000000    ,  0.00000000    ,  0.00000000    ,  0.00000000    ,  0.00000000    
N,    72,  8.18025457    , 0.500000000    ,  0.00000000    ,  0.00000000    ,  0.00000000    ,  0.00000000    
N,    73,  8.78683638    , 0.500000000    ,  0.00000000    ,  0.00000000    ,  0.00000000    ,  0.00000000    
N,    74,  9.39341819    , 0.500000000    ,  0.00000000    ,  0.00000000    ,  0.00000000    ,  0.00000000    
N,    75,  10.0000000    ,  0.00000000    ,  0.00000000    ,  0.00000000    ,  0.00000000    ,  0.00000000    
N,    76,  9.33307038    ,  0.00000000    ,  0.00000000    ,  0.00000000    ,  0.00000000    ,  0.00000000    
N,    77,  8.66614076    ,  0.00000000    ,  0.00000000    ,  0.00000000    ,  0.00000000    ,  0.00000000    
N,    78,  7.99921114    ,  0.00000000    ,  0.00000000    ,  0.00000000    ,  0.00000000    ,  0.00000000    
N,    79,  7.33228152    ,  0.00000000    ,  0.00000000    ,  0.00000000    ,  0.00000000    ,  0.00000000    
N,    80,  6.66535190    ,  0.00000000    ,  0.00000000    ,  0.00000000    ,  0.00000000    ,  0.00000000    
N,    81,  5.99842229    ,  0.00000000    ,  0.00000000    ,  0.00000000    ,  0.00000000    ,  0.00000000    
N,    82,  5.33149267    ,  0.00000000    ,  0.00000000    ,  0.00000000    ,  0.00000000    ,  0.00000000    
N,    83,  4.66456305    ,  0.00000000    ,  0.00000000    ,  0.00000000    ,  0.00000000    ,  0.00000000    
N,    84,  5.83169525    ,  2.02372713    ,  0.00000000    ,  0.00000000    ,  0.00000000    ,  0.00000000    
N,    85,  5.69874817    ,  1.07356220    ,  0.00000000    ,  0.00000000    ,  0.00000000    ,  0.00000000    
N,    86,  5.76765328    ,  1.51555609    ,  0.00000000    ,  0.00000000    ,  0.00000000    ,  0.00000000    
N,    87,  5.96075381    ,  2.43534374    ,  0.00000000    ,  0.00000000    ,  0.00000000    ,  0.00000000    
N,    88, 0.497321996    ,  5.14831991    ,  0.00000000    ,  0.00000000    ,  0.00000000    ,  0.00000000    
N,    89,  1.72025572    ,  5.14831991    ,  0.00000000    ,  0.00000000    ,  0.00000000    ,  0.00000000    
N,    90,  1.10878886    ,  5.14831991    ,  0.00000000    ,  0.00000000    ,  0.00000000    ,  0.00000000    
N,    91, 0.497321996    ,  4.54831991    ,  0.00000000    ,  0.00000000    ,  0.00000000    ,  0.00000000    
N,    92,  0.00000000    ,  10.0000000    ,  0.00000000    ,  0.00000000    ,  0.00000000    ,  0.00000000    
N,    93,  0.00000000    ,  4.66666667    ,  0.00000000    ,  0.00000000    ,  0.00000000    ,  0.00000000    
N,    94,  0.00000000    ,  5.33333333    ,  0.00000000    ,  0.00000000    ,  0.00000000    ,  0.00000000    
N,    95,  0.00000000    ,  6.00000000    ,  0.00000000    ,  0.00000000    ,  0.00000000    ,  0.00000000    
N,    96,  0.00000000    ,  6.66666667    ,  0.00000000    ,  0.00000000    ,  0.00000000    ,  0.00000000    
N,    97,  0.00000000    ,  7.33333333    ,  0.00000000    ,  0.00000000    ,  0.00000000    ,  0.00000000    
N,    98,  0.00000000    ,  8.00000000    ,  0.00000000    ,  0.00000000    ,  0.00000000    ,  0.00000000    
N,    99,  0.00000000    ,  8.66666667    ,  0.00000000    ,  0.00000000    ,  0.00000000    ,  0.00000000    
N,   100,  0.00000000    ,  9.33333333    ,  0.00000000    ,  0.00000000    ,  0.00000000    ,  0.00000000    
N,   101, 0.500000000    ,  10.0000000    ,  0.00000000    ,  0.00000000    ,  0.00000000    ,  0.00000000    
N,   102, 0.500000000    ,  6.34831991    ,  0.00000000    ,  0.00000000    ,  0.00000000    ,  0.00000000    
N,   103, 0.500000000    ,  9.39138665    ,  0.00000000    ,  0.00000000    ,  0.00000000    ,  0.00000000    
N,   104, 0.500000000    ,  8.78277330    ,  0.00000000    ,  0.00000000    ,  0.00000000    ,  0.00000000    
N,   105, 0.500000000    ,  8.17415995    ,  0.00000000    ,  0.00000000    ,  0.00000000    ,  0.00000000    
N,   106, 0.500000000    ,  7.56554660    ,  0.00000000    ,  0.00000000    ,  0.00000000    ,  0.00000000    
N,   107, 0.500000000    ,  6.95693326    ,  0.00000000    ,  0.00000000    ,  0.00000000    ,  0.00000000    
N,   108,  2.26535870    ,  6.34831991    ,  0.00000000    ,  0.00000000    ,  0.00000000    ,  0.00000000    
N,   109,  1.67690580    ,  6.34831991    ,  0.00000000    ,  0.00000000    ,  0.00000000    ,  0.00000000    
N,   110,  1.08845290    ,  6.34831991    ,  0.00000000    ,  0.00000000    ,  0.00000000    ,  0.00000000    
N,   111,  2.24516637    ,  5.91522698    ,  0.00000000    ,  0.00000000    ,  0.00000000    ,  0.00000000    
N,   112,  1.83288500    ,  5.66367414    ,  0.00000000    ,  0.00000000    ,  0.00000000    ,  0.00000000    
N,   113,  7.72876656    ,  5.14831991    ,  0.00000000    ,  0.00000000    ,  0.00000000    ,  0.00000000    
N,   114,  6.92924630    ,  4.23689482    ,  0.00000000    ,  0.00000000    ,  0.00000000    ,  0.00000000    
N,   115,  7.40396055    ,  4.62745959    ,  0.00000000    ,  0.00000000    ,  0.00000000    ,  0.00000000    
N,   116,  7.79241435    ,  6.34831991    ,  0.00000000    ,  0.00000000    ,  0.00000000    ,  0.00000000    
N,   117,  7.85518278    ,  5.74314669    ,  0.00000000    ,  0.00000000    ,  0.00000000    ,  0.00000000    
N,   118,  6.85276477    ,  7.68457393    ,  0.00000000    ,  0.00000000    ,  0.00000000    ,  0.00000000    
N,   119,  7.27386712    ,  7.32171303    ,  0.00000000    ,  0.00000000    ,  0.00000000    ,  0.00000000    
N,   120,  7.59377114    ,  6.86734224    ,  0.00000000    ,  0.00000000    ,  0.00000000    ,  0.00000000    
N,   121,  5.16050914    ,  8.00624914    ,  0.00000000    ,  0.00000000    ,  0.00000000    ,  0.00000000    
N,   122,  4.12169871    ,  6.84380149    ,  0.00000000    ,  0.00000000    ,  0.00000000    ,  0.00000000    
N,   123,  4.37346248    ,  7.31374565    ,  0.00000000    ,  0.00000000    ,  0.00000000    ,  0.00000000    
N,   124,  4.71135141    ,  7.72511932    ,  0.00000000    ,  0.00000000    ,  0.00000000    ,  0.00000000    
N,   125,  6.98116703    ,  3.37923089    ,  0.00000000    ,  0.00000000    ,  0.00000000    ,  0.00000000    
N,   126,  7.57107100    ,  3.73747178    ,  0.00000000    ,  0.00000000    ,  0.00000000    ,  0.00000000    
N,   127,  8.09950587    ,  4.18080818    ,  0.00000000    ,  0.00000000    ,  0.00000000    ,  0.00000000    
N,   128,  8.52366045    ,  4.72363534    ,  0.00000000    ,  0.00000000    ,  0.00000000    ,  0.00000000    
N,   129,  8.77491084    ,  5.36380565    ,  0.00000000    ,  0.00000000    ,  0.00000000    ,  0.00000000    
N,   130,  8.82732719    ,  6.05037210    ,  0.00000000    ,  0.00000000    ,  0.00000000    ,  0.00000000    
N,   131,  8.71043077    ,  6.72956724    ,  0.00000000    ,  0.00000000    ,  0.00000000    ,  0.00000000    
N,   132,  8.45020183    ,  7.36796140    ,  0.00000000    ,  0.00000000    ,  0.00000000    ,  0.00000000    
N,   133,  8.06187826    ,  7.93749599    ,  0.00000000    ,  0.00000000    ,  0.00000000    ,  0.00000000    
N,   134,  7.55781254    ,  8.40756144    ,  0.00000000    ,  0.00000000    ,  0.00000000    ,  0.00000000    
N,   135,  6.96424083    ,  8.75810908    ,  0.00000000    ,  0.00000000    ,  0.00000000    ,  0.00000000    
N,   136,  6.30966658    ,  8.97408592    ,  0.00000000    ,  0.00000000    ,  0.00000000    ,  0.00000000    
N,   137,  5.62344172    ,  9.03552975    ,  0.00000000    ,  0.00000000    ,  0.00000000    ,  0.00000000    
N,   138,  4.94515468    ,  8.91796976    ,  0.00000000    ,  0.00000000    ,  0.00000000    ,  0.00000000    
N,   139,  4.32583125    ,  8.61693061    ,  0.00000000    ,  0.00000000    ,  0.00000000    ,  0.00000000    
N,   140,  3.79897597    ,  8.17276546    ,  0.00000000    ,  0.00000000    ,  0.00000000    ,  0.00000000    
N,   141,  3.38709364    ,  7.62025382    ,  0.00000000    ,  0.00000000    ,  0.00000000    ,  0.00000000    
N,   142,  3.09166045    ,  6.99669529    ,  0.00000000    ,  0.00000000    ,  0.00000000    ,  0.00000000    
N,   143,  8.13703844    ,  5.44613208    ,  0.00000000    ,  0.00000000    ,  0.00000000    ,  0.00000000    
N,   144,  5.78159021    ,  8.51808773    ,  0.00000000    ,  0.00000000    ,  0.00000000    ,  0.00000000    
N,   145,  5.30367918    ,  8.44447158    ,  0.00000000    ,  0.00000000    ,  0.00000000    ,  0.00000000    
N,   146,  6.34173946    ,  8.37290812    ,  0.00000000    ,  0.00000000    ,  0.00000000    ,  0.00000000    
N,   147,  4.88739861    ,  8.23906217    ,  0.00000000    ,  0.00000000    ,  0.00000000    ,  0.00000000    
N,   148,  6.94689245    ,  3.84782158    ,  0.00000000    ,  0.00000000    ,  0.00000000    ,  0.00000000    
N,   149,  4.39567968    ,  7.89780027    ,  0.00000000    ,  0.00000000    ,  0.00000000    ,  0.00000000    
N,   150,  3.96197853    ,  7.44314392    ,  0.00000000    ,  0.00000000    ,  0.00000000    ,  0.00000000    
N,   151,  3.60253473    ,  6.91458693    ,  0.00000000    ,  0.00000000    ,  0.00000000    ,  0.00000000    
N,   152,  7.97976154    ,  7.07606259    ,  0.00000000    ,  0.00000000    ,  0.00000000    ,  0.00000000    
N,   153,  7.40526051    ,  7.71484492    ,  0.00000000    ,  0.00000000    ,  0.00000000    ,  0.00000000    
N,   154,  8.33130735    ,  6.07190016    ,  0.00000000    ,  0.00000000    ,  0.00000000    ,  0.00000000    
N,   155,  6.90382649    ,  8.08242232    ,  0.00000000    ,  0.00000000    ,  0.00000000    ,  0.00000000    
N,   156,  7.49121212    ,  4.28965229    ,  0.00000000    ,  0.00000000    ,  0.00000000    ,  0.00000000    
N,   157,  7.88593180    ,  4.81070830    ,  0.00000000    ,  0.00000000    ,  0.00000000    ,  0.00000000    
N,   158,  5.16050914    ,  5.14831991    ,  0.00000000    ,  0.00000000    ,  0.00000000    ,  0.00000000    
N,   159,  5.16050914    ,  4.19351122    ,  0.00000000    ,  0.00000000    ,  0.00000000    ,  0.00000000    
N,   160,  5.16050914    ,  4.67091556    ,  0.00000000    ,  0.00000000    ,  0.00000000    ,  0.00000000    
N,   161,  3.99450119    ,  5.14831991    ,  0.00000000    ,  0.00000000    ,  0.00000000    ,  0.00000000    
N,   162,  4.57750517    ,  5.14831991    ,  0.00000000    ,  0.00000000    ,  0.00000000    ,  0.00000000    
N,   163,  5.16050914    ,  6.34831991    ,  0.00000000    ,  0.00000000    ,  0.00000000    ,  0.00000000    
N,   164,  4.54211689    ,  6.34831991    ,  0.00000000    ,  0.00000000    ,  0.00000000    ,  0.00000000    
N,   165,  5.16050914    ,  6.90096298    ,  0.00000000    ,  0.00000000    ,  0.00000000    ,  0.00000000    
N,   166,  5.16050914    ,  7.45360606    ,  0.00000000    ,  0.00000000    ,  0.00000000    ,  0.00000000    
N,   167,  6.36050914    ,  6.34831991    ,  0.00000000    ,  0.00000000    ,  0.00000000    ,  0.00000000    
N,   168,  6.36050914    ,  7.41142644    ,  0.00000000    ,  0.00000000    ,  0.00000000    ,  0.00000000    
N,   169,  6.36050914    ,  6.87987317    ,  0.00000000    ,  0.00000000    ,  0.00000000    ,  0.00000000    
N,   170,  6.83781087    ,  6.34831991    ,  0.00000000    ,  0.00000000    ,  0.00000000    ,  0.00000000    
N,   171,  7.31511261    ,  6.34831991    ,  0.00000000    ,  0.00000000    ,  0.00000000    ,  0.00000000    
N,   172,  6.36050914    ,  5.14831991    ,  0.00000000    ,  0.00000000    ,  0.00000000    ,  0.00000000    
N,   173,  7.04463785    ,  5.14831991    ,  0.00000000    ,  0.00000000    ,  0.00000000    ,  0.00000000    
N,   174,  6.36050914    ,  4.57607619    ,  0.00000000    ,  0.00000000    ,  0.00000000    ,  0.00000000    
N,   175,  5.79224260    ,  5.78945784    ,  0.00000000    ,  0.00000000    ,  0.00000000    ,  0.00000000    
N,   176,  6.71720966    ,  6.00499527    ,  0.00000000    ,  0.00000000    ,  0.00000000    ,  0.00000000    
N,   177,  4.77726457    ,  5.72506175    ,  0.00000000    ,  0.00000000    ,  0.00000000    ,  0.00000000    
N,   178,  5.54069029    ,  6.87969159    ,  0.00000000    ,  0.00000000    ,  0.00000000    ,  0.00000000    
N,   179,  5.55433527    ,  7.45115088    ,  0.00000000    ,  0.00000000    ,  0.00000000    ,  0.00000000    
N,   180,  5.95801783    ,  7.43744882    ,  0.00000000    ,  0.00000000    ,  0.00000000    ,  0.00000000    
N,   181,  5.93480238    ,  6.85873966    ,  0.00000000    ,  0.00000000    ,  0.00000000    ,  0.00000000    
N,   182,  5.87746629    ,  6.27856702    ,  0.00000000    ,  0.00000000    ,  0.00000000    ,  0.00000000    
N,   183,  7.00843372    ,  5.70016636    ,  0.00000000    ,  0.00000000    ,  0.00000000    ,  0.00000000    
N,   184,  6.29441070    ,  5.89190427    ,  0.00000000    ,  0.00000000    ,  0.00000000    ,  0.00000000    
N,   185,  5.77548928    ,  4.36275708    ,  0.00000000    ,  0.00000000    ,  0.00000000    ,  0.00000000    
N,   186,  5.76054492    ,  4.85016723    ,  0.00000000    ,  0.00000000    ,  0.00000000    ,  0.00000000    
N,   187,  5.74907942    ,  5.31672092    ,  0.00000000    ,  0.00000000    ,  0.00000000    ,  0.00000000    
N,   188,  4.24656482    ,  5.75316320    ,  0.00000000    ,  0.00000000    ,  0.00000000    ,  0.00000000    
N,   189,  5.28592829    ,  5.71294065    ,  0.00000000    ,  0.00000000    ,  0.00000000    ,  0.00000000    
N,   190,  5.45762293    ,  6.27563506    ,  0.00000000    ,  0.00000000    ,  0.00000000    ,  0.00000000    
N,   191,  6.36099809    ,  5.52678348    ,  0.00000000    ,  0.00000000    ,  0.00000000    ,  0.00000000    
MAT,     1
EN,      1,      2,      3,      4,      4
EN,      2,      1,      4,      3,      3
EN,      3,      5,     12,     13,      7
EN,      4,     12,     10,     11,     13
EN,      5,      7,     13,      9,      6
EN,      6,     13,     11,      8,      9
EN,      7,     14,     21,     22,     16
EN,      8,     21,     19,     20,     22
EN,      9,     16,     22,     18,     15
EN,     10,     22,     20,     17,     18
EN,     11,     39,     28,     29,     38
EN,     12,     28,     39,     40,     27
EN,     13,     40,     41,     26,     27
EN,     14,     26,     41,      7,      6
EN,     15,     41,     40,      5,      7
EN,     16,     38,     29,     30,     37
EN,     17,     40,     39,     33,      5
EN,     18,     39,     38,     34,     33
EN,     19,     38,     37,     35,     34
EN,     20,     35,     37,     36,     32
EN,     21,     36,     37,     30,     31
EN,     22,     36,     31,     24,     25
EN,     23,     36,     25,     23,     32
EN,     24,     60,     55,     15,     52
EN,     25,     60,     45,     44,     55
EN,     26,     55,     44,     43,     57
EN,     27,     57,     16,     15,     55
EN,     28,     60,     52,     53,     59
EN,     29,     60,     59,     46,     45
EN,     30,     46,     59,     58,     47
EN,     31,     47,     58,     56,     48
EN,     32,     56,     58,     54,     51
EN,     33,     58,     59,     53,     54
EN,     34,     57,     43,     14,     16
EN,     35,     48,     56,     50,     42
EN,     36,     50,     56,     51,     49
MAT,     2
EN,     37,     86,     68,     67,     84
EN,     38,     68,     86,     85,     65
EN,     39,     84,     67,     66,     87
EN,     40,     84,     87,     12,      5
EN,     41,     12,     87,     66,     10
EN,     42,     65,     85,     64,     61
EN,     43,     86,     84,      5,     63
EN,     44,     85,     86,     63,     64
EN,     45,     65,     61,     82,     81
EN,     46,     65,     81,     80,     70
EN,     47,     70,     80,     79,     71
EN,     48,     71,     79,     78,     72
EN,     49,     72,     78,     77,     73
EN,     50,     82,     61,     62,     83
EN,     51,     73,     77,     76,     74
EN,     52,     74,     76,     75,     69
EN,     53,     83,     62,     32,     23
EN,     54,    112,    109,    110,     90
EN,     55,     90,    110,    102,     88
EN,     56,    112,     89,     15,     15
EN,     57,     90,     89,    112,    112
EN,     58,    111,    112,     15,     18
EN,     59,    112,    111,    108,    109
EN,     60,    111,     18,     17,    108
EN,     61,     88,    102,     95,     94
EN,     62,     95,    102,    107,     96
EN,     63,     96,    107,    106,     97
EN,     64,     97,    106,    105,     98
EN,     65,     98,    105,    104,     99
EN,     66,     88,     94,     93,     91
EN,     67,     99,    104,    103,    100
EN,     68,    100,    103,    101,     92
EN,     69,     91,     93,     49,     51
MAT,     1
EN,     70,    154,    143,    128,    129
EN,     71,    154,    116,    117,    143
EN,     72,    143,    117,    113,    157
EN,     73,    157,    127,    128,    143
EN,     74,    131,    132,    133,    152
EN,     75,    129,    130,    154,    154
EN,     76,    152,    154,    130,    131
EN,     77,    157,    156,    126,    127
EN,     78,    156,    157,    113,    115
EN,     79,    126,    156,    148,    125
EN,     80,    148,    156,    115,    114
EN,     81,    153,    152,    133,    134
EN,     82,    155,    153,    134,    135
EN,     83,    146,    155,    135,    136
EN,     84,    144,    146,    136,    137
EN,     85,    145,    144,    137,    138
EN,     86,    147,    145,    138,    139
EN,     87,    149,    147,    139,    140
EN,     88,    150,    149,    140,    141
EN,     89,    151,    150,    141,    142
EN,     90,    155,    146,      2,    118
EN,     91,    153,    155,    118,    119
EN,     92,    154,    152,    120,    116
EN,     93,    152,    153,    119,    120
EN,     94,    151,    142,     17,     20
EN,     95,    151,     20,     19,    122
EN,     96,    150,    151,    122,    123
EN,     97,    149,    150,    123,    124
EN,     98,    147,    149,    124,    121
EN,     99,    125,    148,     11,     10
EN,    100,    148,    114,      8,     11
EN,    101,    145,    147,    121,      1
EN,    102,    146,    144,      3,      2
EN,    103,    144,    145,      1,      3
MAT,     2
EN,    104,    189,    175,    182,    190
EN,    105,    175,    189,    158,    187
EN,    106,    187,    191,    184,    175
EN,    107,    167,    182,    175,    184
EN,    108,    183,    176,    184,    191
EN,    109,    171,    170,    176,    183
EN,    110,    170,    167,    184,    176
EN,    111,    172,    173,    183,    191
EN,    112,    188,    177,    163,    164
EN,    113,    188,    161,    162,    177
EN,    114,    177,    162,    158,    189
EN,    115,    190,    163,    177,    189
EN,    116,    191,    187,    186,    172
EN,    117,    190,    182,    181,    178
EN,    118,    161,    188,     21,     14
EN,    119,     21,    188,    164,     19
EN,    120,    183,    173,    113,    117
EN,    121,    172,    186,    185,    174
EN,    122,    163,    190,    178,    165
EN,    123,    178,    181,    180,    179
EN,    124,    178,    179,    166,    165
EN,    125,    174,    185,      9,      8
EN,    126,    186,    187,    158,    160
EN,    127,    185,    186,    160,    159
EN,    128,      9,    185,    159,      6
EN,    129,    183,    117,    116,    171
EN,    130,    181,    182,    167,    169
EN,    131,    180,    181,    169,    168
EN,    132,    180,    168,      2,      4
EN,    133,    179,    180,      4,      1
EN,    134,    166,    179,      1,    121

MP,EX,     1,   1.01000000    
MP,KXX,     1,   10.0000000    
MP,PRXY,     1,  0.300000000  
MP,CTEX,  1, 	30.5 
MP,EX,     2,   3.50000000    
MP,KXX,     2,   10.0000000    
MP,PRXY,     2,  0.300000000   
MP,CTEX, 	2, 	1.1 
                                                                             
D,    23,UY,  0.00000000    
T,    23,TEMP,  100.000000    
D,    24,UY,  0.00000000    
T,    24,TEMP,  100.000000    
D,    25,UY,  0.00000000    

D,    42,UX,  0.00000000    
T,    42,TEMP,  100.000000    
T,    43,TEMP,  100.000000    
T,    44,TEMP,  100.000000    
T,    45,TEMP,  100.000000    
T,    46,TEMP,  100.000000    
T,    47,TEMP,  100.000000    
T,    48,TEMP,  100.000000    
D,    49,UX,  0.00000000    
T,    49,TEMP,  100.000000    
D,    50,UX,  0.00000000    

D,    75,UY,  0.00000000    
T,    75,TEMP,  100.000000    
D,    76,UY,  0.00000000    
T,    76,TEMP,  100.000000    
D,    77,UY,  0.00000000    
T,    77,TEMP,  100.000000    
D,    78,UY,  0.00000000    
T,    78,TEMP,  100.000000    
D,    79,UY,  0.00000000    
T,    79,TEMP,  100.000000    
D,    80,UY,  0.00000000    
T,    80,TEMP,  100.000000    
D,    81,UY,  0.00000000    
T,    81,TEMP,  100.000000    
D,    82,UY,  0.00000000    
T,    82,TEMP,  100.000000    
D,    83,UY,  0.00000000    
T,    83,TEMP,  100.000000    
T,    84,TEMP,  100.000000    
T,    85,TEMP,  100.000000    
T,    86,TEMP,  100.000000    
T,    87,TEMP,  100.000000    
T,    88,TEMP,  100.000000    
T,    89,TEMP,  100.000000    
T,    90,TEMP,  100.000000    
T,    91,TEMP,  100.000000    
D,    92,UX,  0.00000000    
T,    92,TEMP,  100.000000    
D,    93,UX,  0.00000000    
T,    93,TEMP,  100.000000    
D,    94,UX,  0.00000000    
T,    94,TEMP,  100.000000    
D,    95,UX,  0.00000000    
T,    95,TEMP,  100.000000    
D,    96,UX,  0.00000000    
T,    96,TEMP,  100.000000    
D,    97,UX,  0.00000000    
T,    97,TEMP,  100.000000    
D,    98,UX,  0.00000000    
T,    98,TEMP,  100.000000    
D,    99,UX,  0.00000000    
T,    99,TEMP,  100.000000    
D,   100,UX,  0.00000000    
T,   100,TEMP,  100.000000    
T,   101,TEMP,  100.000000    

FINISH
    
/SOLU
antype, thermstat
FINISH
