 Node            Displacements                Applied/reaction forces
number     1-direction     2-direction      1-direction     2-direction
     1 *************** ***************      0.000000000     0.000000000
     2 *************** ***************      0.000000000     0.000000000
     3 *************** ***************      0.000000000     0.000000000
     4 *************** ***************      0.000000000     0.000000000
     5 *************** ***************      0.000000000     0.000000000
     6 *************** ***************      0.000000000     0.000000000
     7 *************** ***************      0.000000000     0.000000000
     8 *************** ***************      0.000000000     0.000000000
     9 *************** ***************      0.000000000     0.000000000
    10 *************** ***************      0.000000000     0.000000000
    11 *************** ***************      0.000000000     0.000000000
    12 *************** ***************      0.000000000     0.000000000
    13 *************** ***************      0.000000000     0.000000000
    14 *************** ***************      0.000000000     0.000000000
    15 *************** ***************      0.000000000     0.000000000
    16 -9639.905067707 ***************      0.000000000     0.000000000
    17 *************** ***************      0.000000000     0.000000000
    18 *************** ***************      0.000000000     0.000000000
    19 -9745.270019197 ***************      0.000000000     0.000000000
    20 -8105.305260570 ***************      0.000000000     0.000000000
    21 *************** ***************      0.000000000     0.000000000
    22 *************** ***************      0.000000000     0.000000000
    23 -8392.451502390 ***************      0.000000000     0.000000000
    24 -6638.696446760 ***************      0.000000000     0.000000000
    25 *************** ***************      0.000000000     0.000000000
    26 *************** ***************      0.000000000     0.000000000
    27 -7103.107323620 ***************      0.000000000     0.000000000
    28 -5260.545860229 ***************      0.000000000     0.000000000
    29 *************** ***************      0.000000000     0.000000000
    30 *************** ***************      0.000000000     0.000000000
    31 -5893.036924254 ***************      0.000000000     0.000000000
    32 -3983.989951885 ***************      0.000000000     0.000000000
    33 *************** ***************      0.000000000     0.000000000
    34 *************** ***************      0.000000000     0.000000000
    35 -1798.295479104 ***************      0.000000000     0.000000000
    36 -2933.227959149 ***************      0.000000000     0.000000000
    37 -4772.654121055 ***************      0.000000000     0.000000000
    38 -2812.417210140 ***************      0.000000000     0.000000000
    39 -8926.657669415 ***************      0.000000000     0.000000000
    40 *************** ***************      0.000000000     0.000000000
    41  -744.442264623 ***************      0.000000000     0.000000000
    42 -1295.888535607 ***************      0.000000000     0.000000000
    43 -2125.086249467 ***************      0.000000000     0.000000000
    44 -2701.978311128 ***************      0.000000000     0.000000000
    45 -3912.090586611 ***************      0.000000000     0.000000000
    46 -3722.996906149 ***************      0.000000000     0.000000000
    47 -9865.674139899 ***************      0.000000000     0.000000000
    48 -4923.152843238 ***************      0.000000000     0.000000000
    49 -7744.410043823 ***************      0.000000000     0.000000000
    50 -6563.234905542 ***************      0.000000000     0.000000000
    51 -9023.839304285 ***************      0.000000000     0.000000000
    52 -8303.676171679 ***************      0.000000000     0.000000000
    53   441.683300632 ***************      0.000000000     0.000000000
    54  -521.746825033 ***************      0.000000000     0.000000000
    55 -2013.260862857 ***************      0.000000000     0.000000000
    56 -5089.693068139 ***************      0.000000000     0.000000000
    57 -3613.600548741 ***************      0.000000000     0.000000000
    58 -6747.217274242 ***************      0.000000000     0.000000000
    59 -7466.299883314 ***************      0.000000000     0.000000000
    60 -2376.582337231 ***************      0.000000000     0.000000000
    61  1701.116919805 ***************      0.000000000     0.000000000
    62   179.559596173 ***************      0.000000000     0.000000000
    63 -1314.908530484 ***************      0.000000000     0.000000000
    64 -4912.175973565 ***************      0.000000000     0.000000000
    65 -3217.235423223 ***************      0.000000000     0.000000000
    66 -6639.791924211 ***************      0.000000000     0.000000000
    67 -2644.876958906 -9985.316763277      0.000000000     0.000000000
    68 -1312.050607754 -9919.132827987      0.000000000     0.000000000
    69  2942.701517192 ***************      0.000000000     0.000000000
    70   910.608352702 ***************      0.000000000     0.000000000
    71  -620.947236266 ***************      0.000000000     0.000000000
    72 -5810.548392267 -8684.739148707      0.000000000     0.000000000
    73 -3600.657700531 -8580.914486925      0.000000000     0.000000000
    74  -517.468281585 -7657.371639639      0.000000000     0.000000000
    75  4051.900108115 ***************      0.000000000     0.000000000
    76  1578.299733732 -9278.028180697      0.000000000     0.000000000
    77    -8.960383043 -8518.324253127      0.000000000     0.000000000
    78 -5060.460374203 -6329.378732151      0.000000000     0.000000000
    79 -2925.435109694 -5947.386506261      0.000000000     0.000000000
    80   -23.089687130 -5393.746972801      0.000000000     0.000000000
    81 -4457.479842623 -4076.263497913      0.000000000     0.000000000
    82  4904.631889702 -8306.207168119      0.000000000     0.000000000
    83  2013.983414865 -6865.697628068      0.000000000     0.000000000
    84   423.056494543 -6162.765576236      0.000000000     0.000000000
    85 -2743.208342166 -3748.001287540      0.000000000     0.000000000
    86   136.642790320 -3218.338781550      0.000000000     0.000000000
    87 -2513.900283431 -1713.023109620      0.000000000     0.000000000
    88 -4106.625675183 -2000.864681496      0.000000000     0.000000000
    89  5354.056776833 -5872.936718127      0.000000000     0.000000000
    90  2332.350964442 -4575.361270319      0.000000000     0.000000000
    91   587.389015963 -3750.114931020      0.000000000     0.000000000
    92   -78.101064477  -909.090433568      0.000000000     0.000000000
    93  5296.148585275 -3403.201740199      0.000000000     0.000000000
    94     0.000000000     0.000000000      0.000000000     0.000000000
    95 -2621.926166007   122.990007488      0.000000000     0.000000000
    96 -4115.140559924   -13.939679375      0.000000000     0.000000000
    97  2645.180100307 -2906.343461507      0.000000000     0.000000000
    98   530.835245672 -1272.962315419      0.000000000     0.000000000
    99    -3.854412526  -550.463878219      0.000000000     0.000000000
   100     0.000000000     0.000000000      0.000000000     0.000000000
   101  2924.182107179 -1564.364575279      0.000000000     0.000000000
   102  4717.439548345 -1136.650741491      0.000000000     0.000000000
   103  -843.195076556  2390.655305218      0.000000000     0.000000000
   104 -1876.748495692  4329.332998034      0.000000000     0.000000000
   105 -3080.529329893  2219.824958991      0.000000000     0.000000000
   106 -4472.726225767  2078.511691994      0.000000000     0.000000000
   107     0.000000000     0.000000000      0.000000000     0.000000000
   108  3945.438376351   906.344355525      0.000000000     0.000000000
   109 -3699.516952205  4244.677164834      0.000000000     0.000000000
   110 -3941.819965467  5467.900112654      0.000000000     0.000000000
   111 -3102.414180470  6139.091758828      0.000000000     0.000000000
   112 -5011.656805861  4200.081389326      0.000000000     0.000000000
   113  -640.531491731  2035.904399385      0.000000000     0.000000000
   114  2865.007181527  2843.407254698      0.000000000     0.000000000
   115 -4448.051388183  7720.189211505      0.000000000     0.000000000
   116 -5691.851510657  6222.616052758      0.000000000     0.000000000
   117 -1461.760399698  3837.229500464      0.000000000     0.000000000
   118  1556.538821449  4687.580147397      0.000000000     0.000000000
   119 -5722.310901518  9040.460240336      0.000000000     0.000000000
   120 -6428.365518688  7992.777514484      0.000000000     0.000000000
   121 -2399.215415617  5476.387276594      0.000000000     0.000000000
   122   132.541004119  6317.722368979      0.000000000     0.000000000
   123 -6762.249499251 10114.017469527      0.000000000     0.000000000
   124 -7133.711727925  9451.364087865      0.000000000     0.000000000
   125 -3389.820567131  6932.522040497      0.000000000     0.000000000
   126 -1336.610174213  7733.674667110      0.000000000     0.000000000
   127 -7488.398152038 10870.640746395      0.000000000     0.000000000
   128 -7660.658622020 10396.125741945      0.000000000     0.000000000
   129 -4370.752798250  8193.834987600      0.000000000     0.000000000
   130 -2781.639788936  8925.708085106      0.000000000     0.000000000
   131 -7932.177582225 11395.821491141      0.000000000     0.000000000
   132 -7991.996902388 11063.175733142      0.000000000     0.000000000
   133 -8188.238066490 11541.643832013      0.000000000     0.000000000
   134 -8173.527621989 11910.102537447      0.000000000     0.000000000
   135 -5278.000726131  9248.094453660      0.000000000     0.000000000
   136 -4131.750485183  9881.112953106      0.000000000     0.000000000
   137 -8131.752682191 11801.879005941      0.000000000     0.000000000
   138 -7788.817148563 11832.334356258      0.000000000     0.000000000
   139 -6143.901464429 10112.936320010      0.000000000     0.000000000
   140 -5307.265652548 10594.711250924      0.000000000     0.000000000
   141 -6811.242738805 10773.671387532      0.000000000     0.000000000
   142 -7323.927254924 11252.209987748      0.000000000     0.000000000
   143 -7737.493846939 11597.543004292      0.000000000     0.000000000
   144 -7364.376401861 11637.396571201      0.000000000     0.000000000
   145 -6174.623350982 11050.125949989      0.000000000     0.000000000
   146 -6847.011250884 11386.525038990      0.000000000     0.000000000
                                            ___________     ___________
                              Summation     0.000000000     0.000000000

Element                    Element strain                                   Element Stress
number      1-direction     2-direction     3-direction      1-direction     2-direction     3-direction
      1  -320.750653537  2024.485413207    74.964445861  -1267.281779467   536.745964183    28.832479177
      2  -181.850296878   428.529912215   328.739803784  -1638.604563074 -1169.081325311   126.438386071
      3  2565.705046576   599.178556334  2065.872207494   1468.072364939   -44.640319862   794.566233652
      4  -198.676871518   836.135837959  -934.682205411  -1243.829721988  -447.819945466  -359.493155927
      5  -398.224484754  -108.086681931  4125.429545606  -1352.413059935 -1129.230134687  1586.703671387
      6 -1144.180444533   421.518854796 -1072.021887986  -2406.374505529 -1201.990429123  -412.316110764
      7  -607.591965798  -299.915360829  3715.939232350  -2252.684024052 -2016.009712537  1429.207397058
      8  -879.234119931   580.288522052  3177.836100682  -1941.603587969  -818.893863366  1222.244654108
      9 -2119.895378732  1724.913251181   450.161824816  -2665.003500542   292.541599391   173.139163391
     10  -799.329666371   721.075526198   133.295581394  -1205.023662260   -35.481206437    51.267531305
     11 -1546.120068765   847.519535609   709.283663520  -1849.039879251    -7.778645117   272.801409046
     12 -3422.501887156   507.820144341   568.159360636  -4250.099206582 -1226.774566969   218.522831014
     13 -1097.904993747  1935.153186943  1074.415954697  -2097.406594309   235.715083145   413.236905653
     14 -2098.431194874  2285.724488628   382.680615210  -3128.083670120   244.343778727   147.184852004
     15 -2037.179960503  1281.676405437  3158.736998957  -2378.123654196   174.842781143  1214.898845753
     16 -2551.813523714  2030.141372637  1230.614365479  -3717.866857197  -193.286167696   473.313217492
     17  -696.134916771   797.331659580  -310.196145308  -1204.119176688   -55.298733341  -119.306209734
     18  2979.453458953 -3416.983040984  6460.997341265   1430.080117608 -3490.255651574  2484.998977410
     19  1053.988044301  2449.978348721  4166.812123137    592.173240009  1666.011935716  1602.620047360
     20   405.812037193  1703.701803453  -749.626417037   -102.689754664   895.686988612  -288.317852707
     21   681.399517242   662.810262731  -303.399738538   -141.154873240  -155.454299788  -116.692207130
     22   662.977033836   708.637418724  -357.828282939   -148.043466143  -112.920093153  -137.626262669
     23   660.415924222   683.486837997  -371.643308089   -160.520604621  -142.773747871  -142.939733881
     24   -37.209135651  -162.201692318 -3744.716538908   -722.598706893  -818.746827407 -1440.275591888
     25  1477.294125215   402.881811087  1753.775974249    277.558028507  -548.912982360   674.529220865
     26  3129.848713642 -1002.907076434  -992.125157770   1627.033655582 -1552.009259861  -381.586599142
     27  -370.091709604  1881.180630773 -4275.230415665  -1268.293287715   463.454666421 -1644.319390640
     28  -257.328384119   898.347139753 -1405.098516909  -1186.305094467  -297.323922258  -540.422506503
     29 -3394.930368484  2521.616629088   634.373050902  -4508.410463473    42.779534660   243.989634962
     30 -4133.421677911  2904.810290943  2607.842361000  -5213.412928877   200.611662549  1003.016292692
     31  -924.601112733  1688.440237518  3797.985298189  -2079.578560189   -69.546752304  1460.763576226
     32 -4976.578720234  2280.681356900 11861.718788751  -5461.018853939   121.488897702  4562.199534135
     33  1143.768305277 -2140.792150538    91.876778458   -177.297540788 -2703.882506799    35.337222484
     34   931.237993851   763.092994128  -257.784048194   -328.890311838  -458.232619318   -99.147710844
     35   513.275884278   884.166744154   436.747168580    147.140721665   432.441383108   167.979680223
     36   297.034909069  1234.442162539 -1619.047974369   -847.616348006  -126.533845337  -622.710759373
     37   983.021092899   309.387804097   479.604442632    539.530167417    21.350714492   184.463247166
     38   -98.660326883  1094.279133561 -1487.929519839  -1254.824856458  -337.179117655  -572.280584553
     39  -122.786383184   947.943066817 -1384.240041230   -948.367673937  -124.729635475  -532.400015858
     40   -41.798153236   920.072757882  -983.951073190   -874.475732474  -134.575031614  -378.442720458
     41   201.681363682   830.966900194  -867.442431316   -626.655548301  -142.589750984  -333.631704352
     42   222.476758548   749.382633069  -234.152296219   -625.161681865  -219.849470694   -90.058575469
     43   803.019677824   439.815015814   526.052236071    176.299974519  -103.088227027   202.327783104
     44 -1171.178406550  3612.297321283 ***************   -292.053105972  3387.543607746 -7002.051107125
     45  5494.924849922 -7277.428725465 ***************   3436.267877268 -6388.619488415 -6127.347150440
     46  1527.906971600   332.660908310 -1693.790311234   1214.588956622   295.168907938  -651.457812013
     47  2300.498123142   236.455473699 -2367.932619556   2031.980187777   444.255072821  -910.743315214
     48  2687.395440090   430.097871279 -3249.981886298   2492.516977974   756.134232734 -1249.993033192
     49  2800.614383277   670.717208640 -4008.975467532   2646.506385907  1008.123943878 -1541.913641359
     50  1959.582298866   490.070590992 -1097.114690284   1545.179089398   414.785467956  -421.967188571
     51  2678.368178805  1254.379129386 -4489.019159845   2637.430125536  1542.053933675 -1726.545830709
     52  1563.142222757  -137.191560330 -1712.182336051    991.055867538  -316.893196376  -658.531667712
     53  2292.006225407  1482.776234405 -3668.301732057   2242.348752789  1619.864144325 -1410.885281561
     54   579.542509032   671.226007404  -267.931786817   -333.216978051  -262.691210073  -103.050687237
     55   777.813616142   787.593008618   -53.527610244    -48.197479820   -40.674870223   -20.587542401
     56   704.378384233   805.994060001  -121.555728372   -104.260630665   -26.094726228   -46.752203220
     57   634.733227284   391.930027790  -721.439692962   -380.724270540  -567.495962459  -277.476804985
     58   405.711850122   592.138555205  -676.168602983   -481.521101094  -338.115943339  -260.064847301
     59   413.383700165   737.857134936  -696.812875645   -429.648643344  -180.053693520  -268.004952171
     60   453.818010365   767.785712118  -730.390768891   -366.631771048  -125.118154315  -280.919526497
     61   585.298528347   665.256564108  -510.788653837   -254.531081741  -193.024900387  -196.457174553
     62   646.991998692   640.160534495  -402.482814338   -193.392217181  -198.647189640  -154.801082438
     63   655.116404338   662.129923469  -388.151167758   -175.021919892  -169.626905177  -149.288910676
     64  3432.995578096  -638.721814731   765.746633338   1972.760695162 -1159.329607012   294.517935899
     65  2546.823190993   493.115963696 -1637.914173323   1456.433315017  -123.341475212  -629.966989739
     66  1535.030632904  1057.480255662 -1721.600852333    582.312000694   214.965556661  -662.154173974
     67  1112.705236024  1334.873537608 -1187.842632053    210.670088605   381.568782131  -456.862550790
     68   838.019779334  1369.459116612  -554.801730496   -107.405288400   301.394201814  -213.385280960
     69   639.713314418  1322.942776240   253.781183692   -388.531118863   137.030005616    97.608147574
     70   584.923411424   992.039058508  1532.269710316   -623.674344843  -310.508462471   589.334503968
     71  1018.083239781   790.712922421  1462.344064785   -263.856842768  -438.757086891   562.440024917
     72  1425.040312769   312.398356683  1217.030982763     36.599244193  -819.279183565   468.088839524
     73  1870.622212141   497.275974690  -963.628400409    678.095286671  -378.324895983  -370.626307850
     74   661.857136652   847.217165309  -129.890169311   -125.863536871    16.721100558   -49.957757427
     75   644.715561408   869.181524062  -109.324533357   -130.191374901    42.474750218   -42.047897445
     76   641.455855868   878.080739148   -83.110404091   -125.716876912    56.302264073   -31.965540035
     77   645.085558623   880.436801086   -58.909514384   -117.214464739    63.824952540   -22.657505532
     78   655.294866262   862.860634884   -52.672963849   -108.915191333    50.750784530   -20.258832250
     79   644.433751104   956.331122901    48.511226353    -87.934405364   151.986649865    18.658163982
     80   356.967839474   345.677115909    71.381192464   -358.440564605  -367.125736578    27.454304794
     81   295.196880585  1634.067435092 -2646.347222872    446.084927521  1475.985354065 -1017.825854951
     82   -44.585672515   296.680742760  2613.707655014  -1098.192000858  -835.679373723  1005.272175006
     83   304.855484550   448.806907973  1585.612834718   -646.374508770  -535.642644599   609.851090276
     84   458.139413024   568.970745586  1050.086034177   -427.358479750  -342.103608549   403.879243914
     85   535.213512314   619.615983213   792.662225981   -321.250198344  -256.325220729   304.870086916
     86   576.496885768   667.146231667   655.589579252   -256.914805869  -187.184539793   252.149838174
     87   623.746811076   584.194541774   462.059686272   -228.205955796  -258.630778336   177.715263951
     88   433.012192643   856.634361094  1465.870278111   -103.684753258   222.178453243   563.796260812
     89 -1927.303525681  3066.378609913  4464.980815265  -1520.658087695  2320.635862762  1717.300313563
     90 -1174.008349779  1116.517877877 -5071.817663103  -1133.093455446   628.849796598 -1950.699101193
     91  -838.840847997  3180.982706528 -2139.508550820   -622.138779018  2470.033186001  -822.887904161
     92  -295.862978082   628.914929070   156.614532849   -844.940772403  -133.573151517    60.236358788
     93   747.207318724  1501.048521750   555.144430778   -348.332831350   231.545017132   213.517088761

Element                    Principal stresses             Von mises stress
number     1st principal    2nd principal   Angle
      1   537.206655334 -1267.742470619    -1.554819485   1605.241930306
      2 -1137.197705772 -1670.488182613    -1.323778946   1477.861313343
      3  1808.716668094  -385.284623017    -0.405015030   2028.982736690
      4  -309.501032057 -1382.148635397     1.203495728   1256.323728210
      5   349.801298074 -2831.444492696    -0.820504915   3021.569430333
      6 -1074.360690403 -2534.004244249     1.270607261   2202.951169141
      7  -700.248731403 -3568.445005187    -0.826703517   3274.957855135
      8   -35.257545055 -2725.239906280    -1.000671114   2707.783294964
      9   302.642927372 -2675.104828523    -1.512520140   2838.552472900
     10   -33.238168117 -1207.266700580    -1.527072576   1190.995519971
     11    31.789332826 -1888.607857194    -1.426757636   1904.701494640
     12 -1211.061622868 -4265.812150683    -1.499014595   3807.579568866
     13   306.744213126 -2168.435724289    -1.400574913   2336.955415197
     14   250.755265357 -3134.495156750    -1.527263070   3267.097986836
     15   660.570847742 -2863.851720795    -1.190454208   3244.961861502
     16  -130.831965653 -3780.321059240    -1.439603124   3716.632545624
     17   -43.039478696 -1216.378431333     1.468401158   1195.439915411
     18  2466.717337409 -4526.892871375    -0.395209703   6143.616086800
     19  2819.262225000  -561.077049275    -0.947034743   3137.653626338
     20   972.967362500  -179.970128552     1.308913327   1074.318294067
     21   -31.393553652  -265.215619376     0.754801490    250.995655730
     22     8.260430976  -269.223990272     0.848857305    273.447797296
     23    -8.432284377  -294.862068114     0.816397438    290.737651195
     24   670.404918423 -2211.750452723     0.768715169   2612.288498921
     25   655.368193533  -926.723147385    -0.510571609   1376.832646330
     26  1672.194673818 -1597.170278097     0.117802664   2831.601588605
     27  1455.946638944 -2260.785260238     1.027742535   3243.842368146
     28   -42.080011092 -1441.549005634     1.129549680   1420.976377295
     29    55.822458408 -4521.453387221    -1.517390283   4549.621470334
     30   380.458776740 -5393.260043067    -1.393375424   5593.202650679
     31   698.538354076 -2847.663666569    -1.086714012   3253.666621002
     32  2678.577081674 -8018.107037911    -1.059931565   9640.639678156
     33  -176.803405369 -2704.376642219    -0.013982514   2620.452149418
     34  -275.186524431  -511.936406725     0.496413219    443.766275490
     35   510.168659739    69.413445033    -1.137416318    479.247038083
     36   232.479406999 -1206.629600342     1.047810780   1338.102462839
     37   598.487883820   -37.607001911    -0.309356105    618.149956453
     38   -62.501139789 -1529.502834325     1.123300073   1499.229682946
     39   136.537284447 -1209.634593860     1.114588760   1283.362187118
     40    24.702503135 -1033.753267222     1.172423752   1046.323240915
     41    27.554543057  -796.799842342     1.099199491    810.928293478
     42  -200.739834681  -644.271317877     1.361706423    571.008839184
     43   282.473670756  -209.261923264    -0.483259494    427.425912659
     44  8787.467462457 -5691.976960682     0.913869893  12634.723917194
     45  6377.262042853 -9329.613654000     0.447502404  13682.417663784
     46  1552.206084278   -42.448219718     0.478139718   1573.859575801
     47  2446.286139396    29.949121203     0.426929311   2431.449918377
     48  3146.245065286   102.406145422     0.481866376   3096.312355006
     49  3573.331182572    81.299147212     0.541218645   3533.383154122
     50  1685.321731054   274.642826300     0.320655807   1566.166177569
     51  3901.073792691   278.410266520     0.631810374   3769.587513003
     52  1265.168963894  -591.006292732     0.394435118   1642.456624779
     53  3375.914065393   486.298831721     0.676836555   3160.945944597
     54  -189.037083786  -406.871104337     0.950248162    352.654771058
     55   -23.507861283   -65.364488759     0.875750726     57.345937941
     56    -4.241271758  -126.114085134     1.133541260    124.047840561
     57  -181.340081267  -766.880151733     0.623075123    694.206945484
     58  -140.050131519  -679.586912914     0.919911428    621.511202643
     59    -9.214458715  -600.487878150     1.003295639    595.934079653
     60    59.899442941  -551.649368304     0.988389226    583.907919689
     61   -24.928364413  -422.627617716     0.863037289    410.731191101
     62   -41.196324014  -350.843082807     0.776912325    332.166465117
     63   -23.011133163  -321.637691907     0.794431701    310.771731897
     64  2000.214282641 -1186.783194490    -0.092946746   2789.826557911
     65  1676.882747461  -343.790907656     0.336619647   1872.598456345
     66  1085.795240189  -288.517682835     0.650105965   1255.175240218
     67   760.904311602  -168.665440866     0.877847579    857.765506145
     68   392.481400462  -198.492487049     1.167345124    520.908366627
     69   154.572425601  -406.073538849    -1.392971799    501.553711562
     70   142.690012129 -1076.872819442    -0.915245441   1154.848260371
     71   217.890984462  -920.504914120    -0.708273971   1046.601882269
     72   242.883281593 -1025.563220965    -0.415088329   1166.132226320
     73   795.152396316  -495.382005628     0.305921127   1127.641278835
     74    32.482628598  -141.625064911     1.265183331    160.353155739
     75    52.169930225  -139.886554908     1.344182212    172.011109155
     76    61.752725049  -131.167337888     1.401910027    170.640587586
     77    66.617516455  -120.007028653     1.448163633    163.811326320
     78    53.281175877  -111.445582680     1.446536723    145.591734976
     79   153.428985762   -89.376741260    -1.493646553    212.700818787
     80  -334.987523152  -390.578778031    -0.706960484    365.963666321
     81  2101.711779090  -179.641497503     1.019588955   2197.047591953
     82    46.869207988 -1980.740582569    -0.850314894   2004.586171865
     83    21.350581610 -1203.367734979    -0.830667058   1214.183822143
     84    21.391525933  -790.853614232    -0.837976006    801.763432768
     85    17.805804869  -595.381223942    -0.838438183    604.480843705
     86    32.499179834  -476.598525495    -0.854098291    493.651103901
     87   -65.053200910  -421.783533222    -0.742702286    393.312724074
     88   646.113897153  -527.620197168    -0.926061024   1018.208712575
     89  2976.421531795 -2176.443756729    -1.206016187   4480.402506629
     90  1888.284204311 -2392.527863160     0.997497654   3715.855135044
     91  2675.382719897  -827.488312915     1.326243689   3171.160282802
     92  -128.508584373  -850.005339546    -1.486915369    793.593441644
     93   301.681261408  -418.469075626    -1.253419475    626.396223916

Compliance        Max Von mises stress            Average Area of elements
           2131199.75771              13682.4176638           1.675507312363E-03
