/PREP7                                                                                                                  
/TITLE,                                                                                                                 
ET,        1,PLANE42                                                                                                   
R,     1,  1.00000000    ,  0.00000000    ,  0.00000000    ,  0.00000000    ,  0.00000000    ,  0.00000000    
N,270,0.150000000,0.275000000,0.00000000,0.00000000,0.00000000,0.00000000
N,16,1.07000000,0.500000000E-01,0.00000000,0.00000000,0.00000000,0.00000000
N,265,0.175754937,0.290206590,0.00000000,0.00000000,0.00000000,0.00000000
N,260,0.202191531,0.304193465,0.00000000,0.00000000,0.00000000,0.00000000
N,255,0.229307648,0.316811293,0.00000000,0.00000000,0.00000000,0.00000000
N,248,0.257078748,0.327912047,0.00000000,0.00000000,0.00000000,0.00000000
N,240,0.285455245,0.337356900,0.00000000,0.00000000,0.00000000,0.00000000
N,231,0.314361983,0.345025473,0.00000000,0.00000000,0.00000000,0.00000000
N,220,0.343700597,0.350825163,0.00000000,0.00000000,0.00000000,0.00000000
N,208,0.373354932,0.354698861,0.00000000,0.00000000,0.00000000,0.00000000
N,196,0.403198913,0.356629405,0.00000000,0.00000000,0.00000000,0.00000000
N,186,0.433105515,0.356639785,0.00000000,0.00000000,0.00000000,0.00000000
N,174,0.462955179,0.354789167,0.00000000,0.00000000,0.00000000,0.00000000
N,163,0.492642302,0.351165790,0.00000000,0.00000000,0.00000000,0.00000000
N,152,0.522080840,0.345887111,0.00000000,0.00000000,0.00000000,0.00000000
N,141,0.551220272,0.339146431,0.00000000,0.00000000,0.00000000,0.00000000
N,130,0.580038455,0.331140663,0.00000000,0.00000000,0.00000000,0.00000000
N,122,0.608527113,0.322030075,0.00000000,0.00000000,0.00000000,0.00000000
N,114,0.636686031,0.311945380,0.00000000,0.00000000,0.00000000,0.00000000
N,106,0.664519504,0.300993765,0.00000000,0.00000000,0.00000000,0.00000000
N,98,0.692034141,0.289263646,0.00000000,0.00000000,0.00000000,0.00000000
N,90,0.719237507,0.276828370,0.00000000,0.00000000,0.00000000,0.00000000
N,80,0.746137281,0.263749082,0.00000000,0.00000000,0.00000000,0.00000000
N,69,0.772740728,0.250076952,0.00000000,0.00000000,0.00000000,0.00000000
N,64,0.799054369,0.235854902,0.00000000,0.00000000,0.00000000,0.00000000
N,59,0.825083760,0.221118948,0.00000000,0.00000000,0.00000000,0.00000000
N,54,0.850833338,0.205899253,0.00000000,0.00000000,0.00000000,0.00000000
N,48,0.876306305,0.190220934,0.00000000,0.00000000,0.00000000,0.00000000
N,44,0.901504515,0.174104687,0.00000000,0.00000000,0.00000000,0.00000000
N,40,0.926428353,0.157567260,0.00000000,0.00000000,0.00000000,0.00000000
N,36,0.951076597,0.140621789,0.00000000,0.00000000,0.00000000,0.00000000
N,32,0.975446232,0.123278027,0.00000000,0.00000000,0.00000000,0.00000000
N,28,0.999532218,0.105542453,0.00000000,0.00000000,0.00000000,0.00000000
N,24,1.02332717,0.874182909E-01,0.00000000,0.00000000,0.00000000,0.00000000
N,20,1.04682093,0.689053921E-01,0.00000000,0.00000000,0.00000000,0.00000000
N,5,1.09000000,0.800000000E-01,0.00000000,0.00000000,0.00000000,0.00000000
N,4,1.10474074,0.558470935E-01,0.00000000,0.00000000,0.00000000,0.00000000
N,8,1.11866900,0.312182168E-01,0.00000000,0.00000000,0.00000000,0.00000000
N,7,1.13022104,0.544302389E-02,0.00000000,0.00000000,0.00000000,0.00000000
N,6,1.11100408,0.110239551E-01,0.00000000,0.00000000,0.00000000,0.00000000
N,12,1.09005949,0.300433380E-01,0.00000000,0.00000000,0.00000000,0.00000000
N,292,0.100000000,0.400000000,0.00000000,0.00000000,0.00000000,0.00000000
N,286,0.117575006,0.423938510,0.00000000,0.00000000,0.00000000,0.00000000
N,282,0.135881731,0.447322108,0.00000000,0.00000000,0.00000000,0.00000000
N,278,0.154930889,0.470104801,0.00000000,0.00000000,0.00000000,0.00000000
N,274,0.174743502,0.492226537,0.00000000,0.00000000,0.00000000,0.00000000
N,268,0.195348978,0.513611353,0.00000000,0.00000000,0.00000000,0.00000000
N,263,0.216783563,0.534164566,0.00000000,0.00000000,0.00000000,0.00000000
N,258,0.239088619,0.553768994,0.00000000,0.00000000,0.00000000,0.00000000
N,253,0.262308181,0.572280210,0.00000000,0.00000000,0.00000000,0.00000000
N,245,0.286485078,0.589520943,0.00000000,0.00000000,0.00000000,0.00000000
N,242,0.311654654,0.605275116,0.00000000,0.00000000,0.00000000,0.00000000
N,232,0.337834878,0.619282756,0.00000000,0.00000000,0.00000000,0.00000000
N,221,0.365011640,0.631238319,0.00000000,0.00000000,0.00000000,0.00000000
N,209,0.393118875,0.640796913,0.00000000,0.00000000,0.00000000,0.00000000
N,197,0.422015794,0.647594613,0.00000000,0.00000000,0.00000000,0.00000000
N,187,0.451468467,0.651288348,0.00000000,0.00000000,0.00000000,0.00000000
N,175,0.481148375,0.651613895,0.00000000,0.00000000,0.00000000,0.00000000
N,166,0.510660558,0.648450134,0.00000000,0.00000000,0.00000000,0.00000000
N,154,0.539636725,0.642002294,0.00000000,0.00000000,0.00000000,0.00000000
N,153,0.567853946,0.632771987,0.00000000,0.00000000,0.00000000,0.00000000
N,142,0.595212958,0.621236917,0.00000000,0.00000000,0.00000000,0.00000000
N,132,0.621692689,0.607801358,0.00000000,0.00000000,0.00000000,0.00000000
N,131,0.647315891,0.592793889,0.00000000,0.00000000,0.00000000,0.00000000
N,123,0.672126849,0.576476815,0.00000000,0.00000000,0.00000000,0.00000000
N,115,0.696178305,0.559058466,0.00000000,0.00000000,0.00000000,0.00000000
N,107,0.719524348,0.540704635,0.00000000,0.00000000,0.00000000,0.00000000
N,99,0.742216787,0.521548032,0.00000000,0.00000000,0.00000000,0.00000000
N,91,0.764303511,0.501695712,0.00000000,0.00000000,0.00000000,0.00000000
N,81,0.785827896,0.481234756,0.00000000,0.00000000,0.00000000,0.00000000
N,70,0.806828763,0.460236603,0.00000000,0.00000000,0.00000000,0.00000000
N,65,0.827340605,0.438760334,0.00000000,0.00000000,0.00000000,0.00000000
N,60,0.847393913,0.416855175,0.00000000,0.00000000,0.00000000,0.00000000
N,55,0.867015539,0.394562412,0.00000000,0.00000000,0.00000000,0.00000000
N,49,0.886229038,0.371916877,0.00000000,0.00000000,0.00000000,0.00000000
N,46,0.905054981,0.348948085,0.00000000,0.00000000,0.00000000,0.00000000
N,42,0.923511217,0.325681133,0.00000000,0.00000000,0.00000000,0.00000000
N,38,0.941613097,0.302137399,0.00000000,0.00000000,0.00000000,0.00000000
N,34,0.959373639,0.278335089,0.00000000,0.00000000,0.00000000,0.00000000
N,30,0.976803648,0.254289658,0.00000000,0.00000000,0.00000000,0.00000000
N,26,0.993911781,0.230014143,0.00000000,0.00000000,0.00000000,0.00000000
N,22,1.01070455,0.205519403,0.00000000,0.00000000,0.00000000,0.00000000
N,18,1.02718627,0.180814286,0.00000000,0.00000000,0.00000000,0.00000000
N,14,1.04335890,0.155905729,0.00000000,0.00000000,0.00000000,0.00000000
N,10,1.05922179,0.130798778,0.00000000,0.00000000,0.00000000,0.00000000
N,2,1.07477127,0.105496531,0.00000000,0.00000000,0.00000000,0.00000000
N,296,0.838740323E-01,0.376382404,0.00000000,0.00000000,0.00000000,0.00000000
N,300,0.681422987E-01,0.352500384,0.00000000,0.00000000,0.00000000,0.00000000
N,305,0.528362886E-01,0.328343427,0.00000000,0.00000000,0.00000000,0.00000000
N,306,0.380511324E-01,0.303864528,0.00000000,0.00000000,0.00000000,0.00000000
N,304,0.239767172E-01,0.278970999,0.00000000,0.00000000,0.00000000,0.00000000
N,298,0.110187748E-01,0.253481267,0.00000000,0.00000000,0.00000000,0.00000000
N,294,0.327043805E-03,0.226979053,0.00000000,0.00000000,0.00000000,0.00000000
N,290,0.376142488E-03,0.199645747,0.00000000,0.00000000,0.00000000,0.00000000
N,289,0.278355485E-01,0.201360730,0.00000000,0.00000000,0.00000000,0.00000000
N,288,0.538371883E-01,0.213219273,0.00000000,0.00000000,0.00000000,0.00000000
N,284,0.787274075E-01,0.227294249,0.00000000,0.00000000,0.00000000,0.00000000
N,280,0.102951731,0.242491296,0.00000000,0.00000000,0.00000000,0.00000000
N,276,0.126689880,0.258438278,0.00000000,0.00000000,0.00000000,0.00000000
N,285,0.150000000,0.400000000,0.00000000,0.00000000,0.00000000,0.00000000
N,235,0.370000000,0.542691221,0.00000000,0.00000000,0.00000000,0.00000000
N,281,0.170749594,0.420958422,0.00000000,0.00000000,0.00000000,0.00000000
N,277,0.192384456,0.441001219,0.00000000,0.00000000,0.00000000,0.00000000
N,272,0.214931561,0.460011289,0.00000000,0.00000000,0.00000000,0.00000000
N,266,0.238417076,0.477848090,0.00000000,0.00000000,0.00000000,0.00000000
N,261,0.262861387,0.494345175,0.00000000,0.00000000,0.00000000,0.00000000
N,256,0.288272406,0.509308639,0.00000000,0.00000000,0.00000000,0.00000000
N,251,0.314636773,0.522517779,0.00000000,0.00000000,0.00000000,0.00000000
N,244,0.341909043,0.533729861,0.00000000,0.00000000,0.00000000,0.00000000
N,193,0.370000000,0.443676410,0.00000000,0.00000000,0.00000000,0.00000000
N,203,0.370000000,0.468430113,0.00000000,0.00000000,0.00000000,0.00000000
N,216,0.370000000,0.493183816,0.00000000,0.00000000,0.00000000,0.00000000
N,226,0.370000000,0.517937518,0.00000000,0.00000000,0.00000000,0.00000000
N,254,0.200000000,0.350000000,0.00000000,0.00000000,0.00000000,0.00000000
N,246,0.221656315,0.367699644,0.00000000,0.00000000,0.00000000,0.00000000
N,238,0.244195364,0.384259591,0.00000000,0.00000000,0.00000000,0.00000000
N,228,0.267635334,0.399516362,0.00000000,0.00000000,0.00000000,0.00000000
N,227,0.291977074,0.413287163,0.00000000,0.00000000,0.00000000,0.00000000
N,217,0.317196499,0.425373695,0.00000000,0.00000000,0.00000000,0.00000000
N,204,0.343236491,0.435570168,0.00000000,0.00000000,0.00000000,0.00000000
N,259,0.177348658,0.330710494,0.00000000,0.00000000,0.00000000,0.00000000
N,264,0.154539793,0.311607500,0.00000000,0.00000000,0.00000000,0.00000000
N,269,0.131566857,0.292702167,0.00000000,0.00000000,0.00000000,0.00000000
N,275,0.108400179,0.274034851,0.00000000,0.00000000,0.00000000,0.00000000
N,279,0.849801692E-01,0.255686626,0.00000000,0.00000000,0.00000000,0.00000000
N,283,0.611853601E-01,0.237828047,0.00000000,0.00000000,0.00000000,0.00000000
N,287,0.367045534E-01,0.220928173,0.00000000,0.00000000,0.00000000,0.00000000
N,293,0.100062826E-01,0.209993744,0.00000000,0.00000000,0.00000000,0.00000000
N,297,0.209186242E-01,0.236689612,0.00000000,0.00000000,0.00000000,0.00000000
N,303,0.378176127E-01,0.261171023,0.00000000,0.00000000,0.00000000,0.00000000
N,302,0.556758120E-01,0.284966116,0.00000000,0.00000000,0.00000000,0.00000000
N,301,0.740238090E-01,0.308386304,0.00000000,0.00000000,0.00000000,0.00000000
N,299,0.926909650E-01,0.331553112,0.00000000,0.00000000,0.00000000,0.00000000
N,295,0.111596170,0.354526151,0.00000000,0.00000000,0.00000000,0.00000000
N,291,0.130699053,0.377335110,0.00000000,0.00000000,0.00000000,0.00000000
N,1,1.07000000,0.950000000E-01,0.00000000,0.00000000,0.00000000,0.00000000
N,73,0.770000000,0.410761677,0.00000000,0.00000000,0.00000000,0.00000000
N,9,1.05229679,0.118105286,0.00000000,0.00000000,0.00000000,0.00000000
N,13,1.03426528,0.140955292,0.00000000,0.00000000,0.00000000,0.00000000
N,17,1.01591408,0.163549367,0.00000000,0.00000000,0.00000000,0.00000000
N,21,0.997248164,0.185884138,0.00000000,0.00000000,0.00000000,0.00000000
N,25,0.978269410,0.207953692,0.00000000,0.00000000,0.00000000,0.00000000
N,29,0.958977070,0.229749639,0.00000000,0.00000000,0.00000000,0.00000000
N,33,0.939368008,0.251261069,0.00000000,0.00000000,0.00000000,0.00000000
N,37,0.919436875,0.272474409,0.00000000,0.00000000,0.00000000,0.00000000
N,41,0.899176190,0.293373191,0.00000000,0.00000000,0.00000000,0.00000000
N,45,0.878576364,0.313937718,0.00000000,0.00000000,0.00000000,0.00000000
N,52,0.857625669,0.334144617,0.00000000,0.00000000,0.00000000,0.00000000
N,57,0.836310169,0.353966247,0.00000000,0.00000000,0.00000000,0.00000000
N,62,0.814613616,0.373369945,0.00000000,0.00000000,0.00000000,0.00000000
N,67,0.792517316,0.392317054,0.00000000,0.00000000,0.00000000,0.00000000
N,31,0.990000000,0.130000000,0.00000000,0.00000000,0.00000000,0.00000000
N,27,1.01158932,0.109799933,0.00000000,0.00000000,0.00000000,0.00000000
N,23,1.03343625,0.898788969E-01,0.00000000,0.00000000,0.00000000,0.00000000
N,19,1.05564411,0.703616602E-01,0.00000000,0.00000000,0.00000000,0.00000000
N,15,1.07853244,0.516518627E-01,0.00000000,0.00000000,0.00000000,0.00000000
N,11,1.10017338,0.443137849E-01,0.00000000,0.00000000,0.00000000,0.00000000
N,3,1.08639494,0.703938199E-01,0.00000000,0.00000000,0.00000000,0.00000000
N,79,0.770000000,0.323674930,0.00000000,0.00000000,0.00000000,0.00000000
N,35,0.969696023,0.151201893,0.00000000,0.00000000,0.00000000,0.00000000
N,39,0.948999643,0.172020943,0.00000000,0.00000000,0.00000000,0.00000000
N,43,0.927924653,0.192456654,0.00000000,0.00000000,0.00000000,0.00000000
N,47,0.906479368,0.212503426,0.00000000,0.00000000,0.00000000,0.00000000
N,53,0.884667631,0.232150835,0.00000000,0.00000000,0.00000000,0.00000000
N,58,0.862489470,0.251383631,0.00000000,0.00000000,0.00000000,0.00000000
N,63,0.839941539,0.270181505,0.00000000,0.00000000,0.00000000,0.00000000
N,68,0.817017385,0.288518619,0.00000000,0.00000000,0.00000000,0.00000000
N,78,0.793707617,0.306362880,0.00000000,0.00000000,0.00000000,0.00000000
N,77,0.770000000,0.352703846,0.00000000,0.00000000,0.00000000,0.00000000
N,76,0.770000000,0.381732761,0.00000000,0.00000000,0.00000000,0.00000000
N,214,0.410000000,0.550936340,0.00000000,0.00000000,0.00000000,0.00000000
N,94,0.720000000,0.448477469,0.00000000,0.00000000,0.00000000,0.00000000
N,200,0.437757564,0.553536864,0.00000000,0.00000000,0.00000000,0.00000000
N,190,0.465636293,0.553562478,0.00000000,0.00000000,0.00000000,0.00000000
N,180,0.493396596,0.550994430,0.00000000,0.00000000,0.00000000,0.00000000
N,169,0.520810040,0.545915733,0.00000000,0.00000000,0.00000000,0.00000000
N,158,0.547721677,0.538623114,0.00000000,0.00000000,0.00000000,0.00000000
N,146,0.574058496,0.529464173,0.00000000,0.00000000,0.00000000,0.00000000
N,135,0.599795612,0.518731782,0.00000000,0.00000000,0.00000000,0.00000000
N,126,0.624936435,0.506666465,0.00000000,0.00000000,0.00000000,0.00000000
N,118,0.649499790,0.493463810,0.00000000,0.00000000,0.00000000,0.00000000
N,110,0.673512008,0.479282560,0.00000000,0.00000000,0.00000000,0.00000000
N,102,0.697002276,0.464251894,0.00000000,0.00000000,0.00000000,0.00000000
N,95,0.720000000,0.357342252,0.00000000,0.00000000,0.00000000,0.00000000
N,86,0.720000000,0.380126056,0.00000000,0.00000000,0.00000000,0.00000000
N,75,0.720000000,0.402909860,0.00000000,0.00000000,0.00000000,0.00000000
N,84,0.720000000,0.425693665,0.00000000,0.00000000,0.00000000,0.00000000
N,191,0.410000000,0.451392438,0.00000000,0.00000000,0.00000000,0.00000000
N,181,0.437447610,0.453690168,0.00000000,0.00000000,0.00000000,0.00000000
N,170,0.464991054,0.453582040,0.00000000,0.00000000,0.00000000,0.00000000
N,159,0.492423036,0.451099786,0.00000000,0.00000000,0.00000000,0.00000000
N,147,0.519556303,0.446354195,0.00000000,0.00000000,0.00000000,0.00000000
N,138,0.546269583,0.439627832,0.00000000,0.00000000,0.00000000,0.00000000
N,137,0.572509210,0.431237220,0.00000000,0.00000000,0.00000000,0.00000000
N,136,0.598257766,0.421439973,0.00000000,0.00000000,0.00000000,0.00000000
N,127,0.623518059,0.410443170,0.00000000,0.00000000,0.00000000,0.00000000
N,119,0.648303475,0.398413118,0.00000000,0.00000000,0.00000000,0.00000000
N,111,0.672632320,0.385483854,0.00000000,0.00000000,0.00000000,0.00000000
N,103,0.696524561,0.371764022,0.00000000,0.00000000,0.00000000,0.00000000
N,201,0.410000000,0.476278414,0.00000000,0.00000000,0.00000000,0.00000000
N,213,0.410000000,0.501164389,0.00000000,0.00000000,0.00000000,0.00000000
N,212,0.410000000,0.526050365,0.00000000,0.00000000,0.00000000,0.00000000
N,230,0.307919212,0.369637979,0.00000000,0.00000000,0.00000000,0.00000000
N,257,0.272220729,0.536671979,0.00000000,0.00000000,0.00000000,0.00000000
N,56,0.850957174,0.381537966,0.00000000,0.00000000,0.00000000,0.00000000
N,74,0.749216629,0.409273909,0.00000000,0.00000000,0.00000000,0.00000000
N,85,0.747316355,0.381360007,0.00000000,0.00000000,0.00000000,0.00000000
N,93,0.735885854,0.459380249,0.00000000,0.00000000,0.00000000,0.00000000
N,87,0.744310766,0.353163292,0.00000000,0.00000000,0.00000000,0.00000000
N,225,0.389510392,0.521822550,0.00000000,0.00000000,0.00000000,0.00000000
N,215,0.390266774,0.497166450,0.00000000,0.00000000,0.00000000,0.00000000
N,202,0.391136002,0.472726615,0.00000000,0.00000000,0.00000000,0.00000000
N,224,0.388468425,0.546733304,0.00000000,0.00000000,0.00000000,0.00000000
N,192,0.392939429,0.448089931,0.00000000,0.00000000,0.00000000,0.00000000
N,89,0.718539196,0.300272967,0.00000000,0.00000000,0.00000000,0.00000000
N,97,0.699127549,0.310255943,0.00000000,0.00000000,0.00000000,0.00000000
N,105,0.673486956,0.322322965,0.00000000,0.00000000,0.00000000,0.00000000
N,113,0.646240562,0.333676576,0.00000000,0.00000000,0.00000000,0.00000000
N,121,0.618844437,0.343899460,0.00000000,0.00000000,0.00000000,0.00000000
N,129,0.591520600,0.354132854,0.00000000,0.00000000,0.00000000,0.00000000
N,140,0.564161557,0.364190023,0.00000000,0.00000000,0.00000000,0.00000000
N,151,0.536824767,0.374457284,0.00000000,0.00000000,0.00000000,0.00000000
N,162,0.502568798,0.389502871,0.00000000,0.00000000,0.00000000,0.00000000
N,173,0.463925249,0.386057690,0.00000000,0.00000000,0.00000000,0.00000000
N,185,0.434701190,0.384104258,0.00000000,0.00000000,0.00000000,0.00000000
N,195,0.404391369,0.383835854,0.00000000,0.00000000,0.00000000,0.00000000
N,207,0.373460889,0.382916955,0.00000000,0.00000000,0.00000000,0.00000000
N,219,0.339812382,0.382191524,0.00000000,0.00000000,0.00000000,0.00000000
N,239,0.281518044,0.359437955,0.00000000,0.00000000,0.00000000,0.00000000
N,247,0.249368625,0.351791157,0.00000000,0.00000000,0.00000000,0.00000000
N,51,0.870930993,0.350306272,0.00000000,0.00000000,0.00000000,0.00000000
N,50,0.864268560,0.365312600,0.00000000,0.00000000,0.00000000,0.00000000
N,61,0.831218004,0.396644306,0.00000000,0.00000000,0.00000000,0.00000000
N,72,0.789057105,0.446544443,0.00000000,0.00000000,0.00000000,0.00000000
N,82,0.770911682,0.463187279,0.00000000,0.00000000,0.00000000,0.00000000
N,92,0.750993488,0.479212357,0.00000000,0.00000000,0.00000000,0.00000000
N,100,0.726448440,0.500572198,0.00000000,0.00000000,0.00000000,0.00000000
N,108,0.702422908,0.519165232,0.00000000,0.00000000,0.00000000,0.00000000
N,116,0.678838701,0.536018966,0.00000000,0.00000000,0.00000000,0.00000000
N,124,0.654563200,0.551938142,0.00000000,0.00000000,0.00000000,0.00000000
N,133,0.629849526,0.567099691,0.00000000,0.00000000,0.00000000,0.00000000
N,144,0.604078332,0.581904701,0.00000000,0.00000000,0.00000000,0.00000000
N,143,0.578575138,0.598923879,0.00000000,0.00000000,0.00000000,0.00000000
N,155,0.557128119,0.611419207,0.00000000,0.00000000,0.00000000,0.00000000
N,164,0.532517676,0.618774252,0.00000000,0.00000000,0.00000000,0.00000000
N,165,0.508113324,0.623357987,0.00000000,0.00000000,0.00000000,0.00000000
N,178,0.481707392,0.625945262,0.00000000,0.00000000,0.00000000,0.00000000
N,188,0.457633616,0.622561881,0.00000000,0.00000000,0.00000000,0.00000000
N,198,0.428097026,0.615262682,0.00000000,0.00000000,0.00000000,0.00000000
N,210,0.400864787,0.608896280,0.00000000,0.00000000,0.00000000,0.00000000
N,222,0.374555885,0.601579766,0.00000000,0.00000000,0.00000000,0.00000000
N,233,0.349618720,0.592238672,0.00000000,0.00000000,0.00000000,0.00000000
N,241,0.323486353,0.579994767,0.00000000,0.00000000,0.00000000,0.00000000
N,250,0.298284361,0.567506461,0.00000000,0.00000000,0.00000000,0.00000000
N,252,0.276990741,0.559692478,0.00000000,0.00000000,0.00000000,0.00000000
N,262,0.243366818,0.512891139,0.00000000,0.00000000,0.00000000,0.00000000
N,267,0.216901971,0.491883352,0.00000000,0.00000000,0.00000000,0.00000000
N,273,0.194227126,0.478422880,0.00000000,0.00000000,0.00000000,0.00000000
N,183,0.438801762,0.431461453,0.00000000,0.00000000,0.00000000,0.00000000
N,182,0.417519625,0.433910203,0.00000000,0.00000000,0.00000000,0.00000000
N,171,0.464352963,0.432030346,0.00000000,0.00000000,0.00000000,0.00000000
N,160,0.489389174,0.432643660,0.00000000,0.00000000,0.00000000,0.00000000
N,150,0.511562931,0.429310265,0.00000000,0.00000000,0.00000000,0.00000000
N,149,0.529914168,0.417115002,0.00000000,0.00000000,0.00000000,0.00000000
N,148,0.554627878,0.403536683,0.00000000,0.00000000,0.00000000,0.00000000
N,139,0.580671861,0.391973952,0.00000000,0.00000000,0.00000000,0.00000000
N,128,0.606303179,0.380295206,0.00000000,0.00000000,0.00000000,0.00000000
N,120,0.631900536,0.368487473,0.00000000,0.00000000,0.00000000,0.00000000
N,112,0.657462821,0.356453644,0.00000000,0.00000000,0.00000000,0.00000000
N,104,0.683323901,0.343683181,0.00000000,0.00000000,0.00000000,0.00000000
N,96,0.708291947,0.329810351,0.00000000,0.00000000,0.00000000,0.00000000
N,199,0.434199633,0.584359895,0.00000000,0.00000000,0.00000000,0.00000000
N,189,0.470489802,0.589574312,0.00000000,0.00000000,0.00000000,0.00000000
N,179,0.500269448,0.578889785,0.00000000,0.00000000,0.00000000,0.00000000
N,211,0.406729248,0.578889964,0.00000000,0.00000000,0.00000000,0.00000000
N,168,0.523987976,0.574702198,0.00000000,0.00000000,0.00000000,0.00000000
N,157,0.555143308,0.574928680,0.00000000,0.00000000,0.00000000,0.00000000
N,145,0.588028802,0.556693342,0.00000000,0.00000000,0.00000000,0.00000000
N,134,0.614107062,0.542739248,0.00000000,0.00000000,0.00000000,0.00000000
N,125,0.638759623,0.528668906,0.00000000,0.00000000,0.00000000,0.00000000
N,117,0.663065859,0.513983611,0.00000000,0.00000000,0.00000000,0.00000000
N,109,0.687146010,0.498740295,0.00000000,0.00000000,0.00000000,0.00000000
N,101,0.710811268,0.481792864,0.00000000,0.00000000,0.00000000,0.00000000
N,206,0.372934672,0.412760483,0.00000000,0.00000000,0.00000000,0.00000000
N,205,0.346394875,0.411972940,0.00000000,0.00000000,0.00000000,0.00000000
N,218,0.324480519,0.403939571,0.00000000,0.00000000,0.00000000,0.00000000
N,229,0.300235993,0.391030276,0.00000000,0.00000000,0.00000000,0.00000000
N,236,0.276008015,0.378175819,0.00000000,0.00000000,0.00000000,0.00000000
N,237,0.255780276,0.372145075,0.00000000,0.00000000,0.00000000,0.00000000
N,194,0.405640682,0.418558084,0.00000000,0.00000000,0.00000000,0.00000000
N,271,0.208668194,0.475365414,0.00000000,0.00000000,0.00000000,0.00000000
N,88,0.738211836,0.312220650,0.00000000,0.00000000,0.00000000,0.00000000
N,66,0.804500804,0.419379435,0.00000000,0.00000000,0.00000000,0.00000000
N,243,0.333278166,0.556847191,0.00000000,0.00000000,0.00000000,0.00000000
N,234,0.360552445,0.566332975,0.00000000,0.00000000,0.00000000,0.00000000
N,249,0.306368064,0.546640429,0.00000000,0.00000000,0.00000000,0.00000000
N,223,0.382537843,0.573361805,0.00000000,0.00000000,0.00000000,0.00000000
N,83,0.750605900,0.436466053,0.00000000,0.00000000,0.00000000,0.00000000
N,161,0.491422119,0.414359472,0.00000000,0.00000000,0.00000000,0.00000000
N,172,0.463613820,0.411192903,0.00000000,0.00000000,0.00000000,0.00000000
N,184,0.437396300,0.411525814,0.00000000,0.00000000,0.00000000,0.00000000
N,177,0.486297889,0.604414041,0.00000000,0.00000000,0.00000000,0.00000000
N,176,0.505841496,0.598936698,0.00000000,0.00000000,0.00000000,0.00000000
N,167,0.525715951,0.595289250,0.00000000,0.00000000,0.00000000,0.00000000
N,156,0.545826826,0.593938540,0.00000000,0.00000000,0.00000000,0.00000000
N,71,0.776538116,0.428395063,0.00000000,0.00000000,0.00000000,0.00000000
MAT,     1
EN,1,11,8,4,4
EN,2,11,12,8,8
EN,3,293,290,289,289
EN,4,293,294,290,290
EN,5,74,83,84,75
EN,6,83,93,94,84
EN,7,74,73,71,83
EN,8,149,162,151,148
EN,9,161,162,149,150
EN,10,272,271,273,277
EN,11,282,281,277,278
EN,12,277,273,274,278
EN,13,78,80,69,68
EN,14,79,88,80,78
EN,15,286,285,281,282
EN,16,292,291,285,286
EN,17,68,69,64,63
EN,18,88,89,90,80
EN,19,295,291,292,296
EN,20,64,59,58,63
EN,21,83,82,92,93
EN,22,93,101,102,94
EN,23,93,92,100,101
EN,24,229,236,239,230
EN,25,218,229,230,219
EN,26,219,230,231,220
EN,27,230,239,240,231
EN,28,161,150,160,160
EN,29,205,218,219,219
EN,30,66,72,71,71
EN,31,71,72,82,83
EN,32,100,108,109,101
EN,33,108,116,117,109
EN,34,116,124,125,117
EN,35,124,133,134,125
EN,36,133,144,145,134
EN,37,144,143,157,145
EN,38,143,155,156,157
EN,39,156,167,168,157
EN,40,156,155,164,167
EN,41,167,176,179,168
EN,42,167,164,165,176
EN,43,176,177,189,179
EN,44,176,165,178,177
EN,45,177,178,188,189
EN,46,188,198,199,189
EN,47,198,210,211,199
EN,48,210,222,223,211
EN,49,222,233,234,223
EN,50,233,241,243,234
EN,51,241,250,249,243
EN,52,252,257,249,250
EN,53,219,207,206,205
EN,54,207,195,194,206
EN,55,160,171,172,161
EN,56,171,183,184,172
EN,57,182,194,184,183
EN,58,194,195,185,184
EN,59,184,185,173,172
EN,60,172,173,162,161
EN,61,234,235,224,223
EN,62,273,271,267,267
EN,63,223,224,214,211
EN,64,50,56,57,57
EN,65,257,256,251,249
EN,66,249,251,244,243
EN,67,243,244,235,234
EN,68,56,61,62,57
EN,69,66,67,62,61
EN,70,71,73,67,66
EN,71,74,85,76,73
EN,72,85,87,77,76
EN,73,151,140,139,148
EN,74,140,129,128,139
EN,75,129,121,120,128
EN,76,121,113,112,120
EN,77,113,105,104,112
EN,78,105,97,96,104
EN,79,97,89,88,96
EN,80,88,87,95,96
EN,81,88,79,77,87
EN,82,257,262,261,256
EN,83,262,267,266,261
EN,84,271,272,266,267
EN,85,236,237,247,239
EN,86,194,192,193,206
EN,87,246,254,247,247
EN,88,182,191,192,194
EN,89,237,238,246,247
EN,90,236,228,238,237
EN,91,229,227,228,236
EN,92,218,217,227,229
EN,93,205,204,217,218
EN,94,206,193,204,205
EN,95,109,110,102,101
EN,96,117,118,110,109
EN,97,125,126,118,117
EN,98,134,135,126,125
EN,99,145,146,135,134
EN,100,157,158,146,145
EN,101,168,169,158,157
EN,102,179,180,169,168
EN,103,211,214,200,199
EN,104,189,190,180,179
EN,105,199,200,190,189
EN,106,96,95,103,104
EN,107,104,103,111,112
EN,108,112,111,119,120
EN,109,120,119,127,128
EN,110,128,127,136,139
EN,111,139,136,137,148
EN,112,148,137,138,149
EN,113,149,138,147,150
EN,114,150,147,159,160
EN,115,160,159,170,171
EN,116,171,170,181,183
EN,117,183,181,191,182
EN,118,293,297,298,294
EN,119,297,303,304,298
EN,120,303,302,306,304
EN,121,302,301,305,306
EN,122,301,299,300,305
EN,123,295,296,300,299
EN,124,267,268,274,273
EN,125,262,263,268,267
EN,126,257,258,263,262
EN,127,252,253,258,257
EN,128,250,245,253,252
EN,129,241,242,245,250
EN,130,233,232,242,241
EN,131,222,221,232,233
EN,132,210,209,221,222
EN,133,198,197,209,210
EN,134,188,187,197,198
EN,135,178,175,187,188
EN,136,165,166,175,178
EN,137,164,154,166,165
EN,138,155,153,154,164
EN,139,143,142,153,155
EN,140,144,132,142,143
EN,141,133,131,132,144
EN,142,124,123,131,133
EN,143,116,115,123,124
EN,144,108,107,115,116
EN,145,100,99,107,108
EN,146,92,91,99,100
EN,147,82,81,91,92
EN,148,72,70,81,82
EN,149,66,65,70,72
EN,150,61,60,65,66
EN,151,56,55,60,61
EN,152,50,49,55,56
EN,153,57,52,51,50
EN,154,51,46,49,50
EN,155,51,52,45,46
EN,156,45,41,42,46
EN,157,41,37,38,42
EN,158,37,33,34,38
EN,159,33,29,30,34
EN,160,29,25,26,30
EN,161,25,21,22,26
EN,162,21,17,18,22
EN,163,17,13,14,18
EN,164,13,9,10,14
EN,165,9,1,2,10
EN,166,1,3,5,2
EN,167,5,3,11,4
EN,168,289,288,287,293
EN,169,288,284,283,287
EN,170,284,280,279,283
EN,171,280,276,275,279
EN,172,276,270,269,275
EN,173,270,265,264,269
EN,174,265,260,259,264
EN,175,259,260,255,254
EN,176,254,255,248,247
EN,177,247,248,240,239
EN,178,219,220,208,207
EN,179,207,208,196,195
EN,180,195,196,186,185
EN,181,185,186,174,173
EN,182,173,174,163,162
EN,183,162,163,152,151
EN,184,151,152,141,140
EN,185,140,141,130,129
EN,186,129,130,122,121
EN,187,121,122,114,113
EN,188,113,114,106,105
EN,189,105,106,98,97
EN,190,97,98,90,89
EN,191,54,53,58,59
EN,192,54,48,47,53
EN,193,48,44,43,47
EN,194,224,225,212,214
EN,195,191,201,202,192
EN,196,201,213,215,202
EN,197,215,213,212,225
EN,198,202,203,193,192
EN,199,224,235,226,225
EN,200,215,216,203,202
EN,201,225,226,216,215
EN,202,44,40,39,43
EN,203,40,36,35,39
EN,204,36,32,31,35
EN,205,32,28,27,31
EN,206,28,24,23,27
EN,207,24,20,19,23
EN,208,20,16,15,19
EN,209,12,11,15,16
EN,210,85,86,95,87
EN,211,74,75,86,85
EN,212,12,6,7,8
MP,EX,     1,  0.200000000E+12
MP,DENS,     1,   8000.00000    
MP,KXX,     1,   12.5000000    
MP,PRXY,     1,  0.300000000    
MP,	CTEX, 	1, 	13e-6
ACEL,  0.00000000    ,  0.00000000    ,  0.00000000                                                                     
D,235,UX,0.00000000
D,235,UY,0.00000000
D,193,UX,0.00000000
D,193,UY,0.00000000
D,203,UX,0.00000000
D,203,UY,0.00000000
D,216,UX,0.00000000
D,216,UY,0.00000000
D,226,UX,0.00000000
D,226,UY,0.00000000
SFC,     1,     2,CONV,0,  1000.00000    ,  1400.00000    
SFC,     2,     2,CONV,0,  1000.00000    ,  1400.00000    
SFC,     3,     2,CONV,0,  1000.00000    ,  1400.00000    
SFC,     4,     2,CONV,0,  1000.00000    ,  1400.00000    
SFC,     5,     3,CONV,0,  500.000000    ,  130.000000    
SFC,     6,     3,CONV,0,  500.000000    ,  130.000000    
SFC,    10,     4,CONV,0,  500.000000    ,  130.000000    
SFC,    11,     2,CONV,0,  500.000000    ,  130.000000    
SFC,    11,     4,CONV,0,  1000.00000    ,  1400.00000    
SFC,    12,     3,CONV,0,  1000.00000    ,  1400.00000    
SFC,    13,     2,CONV,0,  1000.00000    ,  1400.00000    
SFC,    13,     4,CONV,0,  500.000000    ,  130.000000    
SFC,    14,     4,CONV,0,  500.000000    ,  130.000000    
SFC,    15,     2,CONV,0,  500.000000    ,  130.000000    
SFC,    15,     4,CONV,0,  1000.00000    ,  1400.00000    
SFC,    16,     2,CONV,0,  500.000000    ,  130.000000    
SFC,    16,     4,CONV,0,  1000.00000    ,  1400.00000    
SFC,    17,     2,CONV,0,  1000.00000    ,  1400.00000    
SFC,    17,     4,CONV,0,  500.000000    ,  130.000000    
SFC,    18,     3,CONV,0,  1000.00000    ,  1400.00000    
SFC,    19,     1,CONV,0,  500.000000    ,  130.000000    
SFC,    19,     3,CONV,0,  1000.00000    ,  1400.00000    
SFC,    20,     1,CONV,0,  1000.00000    ,  1400.00000    
SFC,    20,     3,CONV,0,  500.000000    ,  130.000000    
SFC,    22,     3,CONV,0,  500.000000    ,  130.000000    
SFC,    26,     3,CONV,0,  1000.00000    ,  1400.00000    
SFC,    27,     3,CONV,0,  1000.00000    ,  1400.00000    
SFC,    65,     2,CONV,0,  500.000000    ,  130.000000    
SFC,    66,     2,CONV,0,  500.000000    ,  130.000000    
SFC,    67,     2,CONV,0,  500.000000    ,  130.000000    
SFC,    68,     3,CONV,0,  500.000000    ,  130.000000    
SFC,    69,     2,CONV,0,  500.000000    ,  130.000000    
SFC,    70,     2,CONV,0,  500.000000    ,  130.000000    
SFC,    71,     3,CONV,0,  500.000000    ,  130.000000    
SFC,    72,     3,CONV,0,  500.000000    ,  130.000000    
SFC,    81,     2,CONV,0,  500.000000    ,  130.000000    
SFC,    82,     3,CONV,0,  500.000000    ,  130.000000    
SFC,    83,     3,CONV,0,  500.000000    ,  130.000000    
SFC,    84,     2,CONV,0,  500.000000    ,  130.000000    
SFC,    87,     1,CONV,0,  500.000000    ,  130.000000    
SFC,    89,     2,CONV,0,  500.000000    ,  130.000000    
SFC,    90,     2,CONV,0,  500.000000    ,  130.000000    
SFC,    91,     2,CONV,0,  500.000000    ,  130.000000    
SFC,    92,     2,CONV,0,  500.000000    ,  130.000000    
SFC,    93,     2,CONV,0,  500.000000    ,  130.000000    
SFC,    94,     2,CONV,0,  500.000000    ,  130.000000    
SFC,    95,     2,CONV,0,  500.000000    ,  130.000000    
SFC,    96,     2,CONV,0,  500.000000    ,  130.000000    
SFC,    97,     2,CONV,0,  500.000000    ,  130.000000    
SFC,    98,     2,CONV,0,  500.000000    ,  130.000000    
SFC,    99,     2,CONV,0,  500.000000    ,  130.000000    
SFC,   100,     2,CONV,0,  500.000000    ,  130.000000    
SFC,   101,     2,CONV,0,  500.000000    ,  130.000000    
SFC,   102,     2,CONV,0,  500.000000    ,  130.000000    
SFC,   103,     2,CONV,0,  500.000000    ,  130.000000    
SFC,   104,     2,CONV,0,  500.000000    ,  130.000000    
SFC,   105,     2,CONV,0,  500.000000    ,  130.000000    
SFC,   106,     2,CONV,0,  500.000000    ,  130.000000    
SFC,   107,     2,CONV,0,  500.000000    ,  130.000000    
SFC,   108,     2,CONV,0,  500.000000    ,  130.000000    
SFC,   109,     2,CONV,0,  500.000000    ,  130.000000    
SFC,   110,     2,CONV,0,  500.000000    ,  130.000000    
SFC,   111,     2,CONV,0,  500.000000    ,  130.000000    
SFC,   112,     2,CONV,0,  500.000000    ,  130.000000    
SFC,   113,     2,CONV,0,  500.000000    ,  130.000000    
SFC,   114,     2,CONV,0,  500.000000    ,  130.000000    
SFC,   115,     2,CONV,0,  500.000000    ,  130.000000    
SFC,   116,     2,CONV,0,  500.000000    ,  130.000000    
SFC,   117,     2,CONV,0,  500.000000    ,  130.000000    
SFC,   118,     1,CONV,0,  500.000000    ,  130.000000    
SFC,   118,     3,CONV,0,  1000.00000    ,  1400.00000    
SFC,   119,     1,CONV,0,  500.000000    ,  130.000000    
SFC,   119,     3,CONV,0,  1000.00000    ,  1400.00000    
SFC,   120,     1,CONV,0,  500.000000    ,  130.000000    
SFC,   120,     3,CONV,0,  1000.00000    ,  1400.00000    
SFC,   121,     1,CONV,0,  500.000000    ,  130.000000    
SFC,   121,     3,CONV,0,  1000.00000    ,  1400.00000    
SFC,   122,     1,CONV,0,  500.000000    ,  130.000000    
SFC,   122,     3,CONV,0,  1000.00000    ,  1400.00000    
SFC,   123,     2,CONV,0,  1000.00000    ,  1400.00000    
SFC,   123,     4,CONV,0,  500.000000    ,  130.000000    
SFC,   124,     2,CONV,0,  1000.00000    ,  1400.00000    
SFC,   125,     2,CONV,0,  1000.00000    ,  1400.00000    
SFC,   126,     2,CONV,0,  1000.00000    ,  1400.00000    
SFC,   127,     2,CONV,0,  1000.00000    ,  1400.00000    
SFC,   128,     2,CONV,0,  1000.00000    ,  1400.00000    
SFC,   129,     2,CONV,0,  1000.00000    ,  1400.00000    
SFC,   130,     2,CONV,0,  1000.00000    ,  1400.00000    
SFC,   131,     2,CONV,0,  1000.00000    ,  1400.00000    
SFC,   132,     2,CONV,0,  1000.00000    ,  1400.00000    
SFC,   133,     2,CONV,0,  1000.00000    ,  1400.00000    
SFC,   134,     2,CONV,0,  1000.00000    ,  1400.00000    
SFC,   135,     2,CONV,0,  1000.00000    ,  1400.00000    
SFC,   136,     2,CONV,0,  1000.00000    ,  1400.00000    
SFC,   137,     2,CONV,0,  1000.00000    ,  1400.00000    
SFC,   138,     2,CONV,0,  1000.00000    ,  1400.00000    
SFC,   139,     2,CONV,0,  1000.00000    ,  1400.00000    
SFC,   140,     2,CONV,0,  1000.00000    ,  1400.00000    
SFC,   141,     2,CONV,0,  1000.00000    ,  1400.00000    
SFC,   142,     2,CONV,0,  1000.00000    ,  1400.00000    
SFC,   143,     2,CONV,0,  1000.00000    ,  1400.00000    
SFC,   144,     2,CONV,0,  1000.00000    ,  1400.00000    
SFC,   145,     2,CONV,0,  1000.00000    ,  1400.00000    
SFC,   146,     2,CONV,0,  1000.00000    ,  1400.00000    
SFC,   147,     2,CONV,0,  1000.00000    ,  1400.00000    
SFC,   148,     2,CONV,0,  1000.00000    ,  1400.00000    
SFC,   149,     2,CONV,0,  1000.00000    ,  1400.00000    
SFC,   150,     2,CONV,0,  1000.00000    ,  1400.00000    
SFC,   151,     2,CONV,0,  1000.00000    ,  1400.00000    
SFC,   152,     2,CONV,0,  1000.00000    ,  1400.00000    
SFC,   153,     1,CONV,0,  500.000000    ,  130.000000    
SFC,   154,     2,CONV,0,  1000.00000    ,  1400.00000    
SFC,   155,     2,CONV,0,  500.000000    ,  130.000000    
SFC,   156,     1,CONV,0,  500.000000    ,  130.000000    
SFC,   156,     3,CONV,0,  1000.00000    ,  1400.00000    
SFC,   157,     1,CONV,0,  500.000000    ,  130.000000    
SFC,   157,     3,CONV,0,  1000.00000    ,  1400.00000    
SFC,   158,     1,CONV,0,  500.000000    ,  130.000000    
SFC,   158,     3,CONV,0,  1000.00000    ,  1400.00000    
SFC,   159,     1,CONV,0,  500.000000    ,  130.000000    
SFC,   159,     3,CONV,0,  1000.00000    ,  1400.00000    
SFC,   160,     1,CONV,0,  500.000000    ,  130.000000    
SFC,   160,     3,CONV,0,  1000.00000    ,  1400.00000    
SFC,   161,     1,CONV,0,  500.000000    ,  130.000000    
SFC,   161,     3,CONV,0,  1000.00000    ,  1400.00000    
SFC,   162,     1,CONV,0,  500.000000    ,  130.000000    
SFC,   162,     3,CONV,0,  1000.00000    ,  1400.00000    
SFC,   163,     1,CONV,0,  500.000000    ,  130.000000    
SFC,   163,     3,CONV,0,  1000.00000    ,  1400.00000    
SFC,   164,     1,CONV,0,  500.000000    ,  130.000000    
SFC,   164,     3,CONV,0,  1000.00000    ,  1400.00000    
SFC,   165,     1,CONV,0,  500.000000    ,  130.000000    
SFC,   165,     3,CONV,0,  1000.00000    ,  1400.00000    
SFC,   166,     1,CONV,0,  500.000000    ,  130.000000    
SFC,   166,     3,CONV,0,  1000.00000    ,  1400.00000    
SFC,   167,     2,CONV,0,  500.000000    ,  130.000000    
SFC,   167,     4,CONV,0,  1000.00000    ,  1400.00000    
SFC,   168,     1,CONV,0,  1000.00000    ,  1400.00000    
SFC,   168,     3,CONV,0,  500.000000    ,  130.000000    
SFC,   169,     1,CONV,0,  1000.00000    ,  1400.00000    
SFC,   169,     3,CONV,0,  500.000000    ,  130.000000    
SFC,   170,     1,CONV,0,  1000.00000    ,  1400.00000    
SFC,   170,     3,CONV,0,  500.000000    ,  130.000000    
SFC,   171,     1,CONV,0,  1000.00000    ,  1400.00000    
SFC,   171,     3,CONV,0,  500.000000    ,  130.000000    
SFC,   172,     1,CONV,0,  1000.00000    ,  1400.00000    
SFC,   172,     3,CONV,0,  500.000000    ,  130.000000    
SFC,   173,     1,CONV,0,  1000.00000    ,  1400.00000    
SFC,   173,     3,CONV,0,  500.000000    ,  130.000000    
SFC,   174,     1,CONV,0,  1000.00000    ,  1400.00000    
SFC,   174,     3,CONV,0,  500.000000    ,  130.000000    
SFC,   175,     2,CONV,0,  1000.00000    ,  1400.00000    
SFC,   175,     4,CONV,0,  500.000000    ,  130.000000    
SFC,   176,     2,CONV,0,  1000.00000    ,  1400.00000    
SFC,   177,     2,CONV,0,  1000.00000    ,  1400.00000    
SFC,   178,     2,CONV,0,  1000.00000    ,  1400.00000    
SFC,   179,     2,CONV,0,  1000.00000    ,  1400.00000    
SFC,   180,     2,CONV,0,  1000.00000    ,  1400.00000    
SFC,   181,     2,CONV,0,  1000.00000    ,  1400.00000    
SFC,   182,     2,CONV,0,  1000.00000    ,  1400.00000    
SFC,   183,     2,CONV,0,  1000.00000    ,  1400.00000    
SFC,   184,     2,CONV,0,  1000.00000    ,  1400.00000    
SFC,   185,     2,CONV,0,  1000.00000    ,  1400.00000    
SFC,   186,     2,CONV,0,  1000.00000    ,  1400.00000    
SFC,   187,     2,CONV,0,  1000.00000    ,  1400.00000    
SFC,   188,     2,CONV,0,  1000.00000    ,  1400.00000    
SFC,   189,     2,CONV,0,  1000.00000    ,  1400.00000    
SFC,   190,     2,CONV,0,  1000.00000    ,  1400.00000    
SFC,   191,     2,CONV,0,  500.000000    ,  130.000000    
SFC,   191,     4,CONV,0,  1000.00000    ,  1400.00000    
SFC,   192,     1,CONV,0,  1000.00000    ,  1400.00000    
SFC,   192,     3,CONV,0,  500.000000    ,  130.000000    
SFC,   193,     1,CONV,0,  1000.00000    ,  1400.00000    
SFC,   193,     3,CONV,0,  500.000000    ,  130.000000    
SFC,   194,     3,CONV,0,  500.000000    ,  130.000000    
SFC,   195,     1,CONV,0,  500.000000    ,  130.000000    
SFC,   196,     1,CONV,0,  500.000000    ,  130.000000    
SFC,   197,     2,CONV,0,  500.000000    ,  130.000000    
SFC,   198,     2,CONV,0,  500.000000    ,  130.000000    
SFC,   199,     2,CONV,0,  500.000000    ,  130.000000    
SFC,   200,     2,CONV,0,  500.000000    ,  130.000000    
SFC,   201,     2,CONV,0,  500.000000    ,  130.000000    
SFC,   202,     1,CONV,0,  1000.00000    ,  1400.00000    
SFC,   202,     3,CONV,0,  500.000000    ,  130.000000    
SFC,   203,     1,CONV,0,  1000.00000    ,  1400.00000    
SFC,   203,     3,CONV,0,  500.000000    ,  130.000000    
SFC,   204,     1,CONV,0,  1000.00000    ,  1400.00000    
SFC,   204,     3,CONV,0,  500.000000    ,  130.000000    
SFC,   205,     1,CONV,0,  1000.00000    ,  1400.00000    
SFC,   205,     3,CONV,0,  500.000000    ,  130.000000    
SFC,   206,     1,CONV,0,  1000.00000    ,  1400.00000    
SFC,   206,     3,CONV,0,  500.000000    ,  130.000000    
SFC,   207,     1,CONV,0,  1000.00000    ,  1400.00000    
SFC,   207,     3,CONV,0,  500.000000    ,  130.000000    
SFC,   208,     1,CONV,0,  1000.00000    ,  1400.00000    
SFC,   208,     3,CONV,0,  500.000000    ,  130.000000    
SFC,   209,     2,CONV,0,  500.000000    ,  130.000000    
SFC,   209,     4,CONV,0,  1000.00000    ,  1400.00000    
SFC,   210,     2,CONV,0,  500.000000    ,  130.000000    
SFC,   211,     2,CONV,0,  500.000000    ,  130.000000    
SFC,   212,     1,CONV,0,  1000.00000    ,  1400.00000    
SFC,   212,     2,CONV,0,  1000.00000    ,  1400.00000    
SFC,   212,     3,CONV,0,  1000.00000    ,  1400.00000    
SFC,   212,     4,CONV,0,  1000.00000    ,  1400.00000    
FINISH

/SOLU
antype, thermstat
FINISH

