/PREP7                                                                                                                  
/TITLE,                                                                                                                 
ET,        1,PLANE42                                                                                                       
R,     1,  1.00000000    ,  0.00000000    ,  0.00000000    ,  0.00000000    ,  0.00000000    ,  0.00000000    
N,124,0.150000000,0.275000000,0.00000000,0.00000000,0.00000000,0.00000000
N,14,1.07000000,0.500000000E-01,0.00000000,0.00000000,0.00000000,0.00000000
N,120,0.192039751,0.299018413,0.00000000,0.00000000,0.00000000,0.00000000
N,116,0.235861837,0.319597346,0.00000000,0.00000000,0.00000000,0.00000000
N,112,0.281366974,0.336113839,0.00000000,0.00000000,0.00000000,0.00000000
N,106,0.328285684,0.348024716,0.00000000,0.00000000,0.00000000,0.00000000
N,96,0.376191064,0.354966374,0.00000000,0.00000000,0.00000000,0.00000000
N,88,0.424561568,0.356829919,0.00000000,0.00000000,0.00000000,0.00000000
N,81,0.472873670,0.353773315,0.00000000,0.00000000,0.00000000,0.00000000
N,78,0.520685536,0.346173352,0.00000000,0.00000000,0.00000000,0.00000000
N,72,0.567727908,0.334715582,0.00000000,0.00000000,0.00000000,0.00000000
N,66,0.613916053,0.320180710,0.00000000,0.00000000,0.00000000,0.00000000
N,59,0.659242694,0.303142284,0.00000000,0.00000000,0.00000000,0.00000000
N,52,0.703730389,0.284016770,0.00000000,0.00000000,0.00000000,0.00000000
N,51,0.747410776,0.263111102,0.00000000,0.00000000,0.00000000,0.00000000
N,47,0.790314991,0.240654335,0.00000000,0.00000000,0.00000000,0.00000000
N,40,0.832469170,0.216818638,0.00000000,0.00000000,0.00000000,0.00000000
N,34,0.873892165,0.191733269,0.00000000,0.00000000,0.00000000,0.00000000
N,30,0.914594115,0.165493840,0.00000000,0.00000000,0.00000000,0.00000000
N,26,0.954575125,0.138168308,0.00000000,0.00000000,0.00000000,0.00000000
N,22,0.993823539,0.109800521,0.00000000,0.00000000,0.00000000,0.00000000
N,18,1.03231334,0.804117166E-01,0.00000000,0.00000000,0.00000000,0.00000000
N,1,1.09000000,0.800000000E-01,0.00000000,0.00000000,0.00000000,0.00000000
N,6,1.11183685,0.436071701E-01,0.00000000,0.00000000,0.00000000,0.00000000
N,5,1.13022104,0.544302352E-02,0.00000000,0.00000000,0.00000000,0.00000000
N,10,1.10037848,0.203640729E-01,0.00000000,0.00000000,0.00000000,0.00000000
N,140,0.100000000,0.400000000,0.00000000,0.00000000,0.00000000,0.00000000
N,136,0.129697760,0.439591794,0.00000000,0.00000000,0.00000000,0.00000000
N,130,0.161448970,0.477555553,0.00000000,0.00000000,0.00000000,0.00000000
N,126,0.195348978,0.513611353,0.00000000,0.00000000,0.00000000,0.00000000
N,122,0.231554183,0.547347902,0.00000000,0.00000000,0.00000000,0.00000000
N,118,0.270258800,0.578178102,0.00000000,0.00000000,0.00000000,0.00000000
N,114,0.311654654,0.605275116,0.00000000,0.00000000,0.00000000,0.00000000
N,108,0.355844754,0.627501768,0.00000000,0.00000000,0.00000000,0.00000000
N,102,0.402672958,0.643387445,0.00000000,0.00000000,0.00000000,0.00000000
N,93,0.451468467,0.651288348,0.00000000,0.00000000,0.00000000,0.00000000
N,89,0.500867106,0.649891089,0.00000000,0.00000000,0.00000000,0.00000000
N,82,0.549133765,0.639209753,0.00000000,0.00000000,0.00000000,0.00000000
N,75,0.595212958,0.621236917,0.00000000,0.00000000,0.00000000,0.00000000
N,69,0.638867528,0.597953615,0.00000000,0.00000000,0.00000000,0.00000000
N,61,0.680225701,0.570784100,0.00000000,0.00000000,0.00000000,0.00000000
N,53,0.719524348,0.540704635,0.00000000,0.00000000,0.00000000,0.00000000
N,41,0.757005799,0.508384720,0.00000000,0.00000000,0.00000000,0.00000000
N,35,0.792884564,0.474291915,0.00000000,0.00000000,0.00000000,0.00000000
N,38,0.827340605,0.438760334,0.00000000,0.00000000,0.00000000,0.00000000
N,32,0.860521444,0.402034131,0.00000000,0.00000000,0.00000000,0.00000000
N,28,0.892546479,0.364295207,0.00000000,0.00000000,0.00000000,0.00000000
N,24,0.923511217,0.325681133,0.00000000,0.00000000,0.00000000,0.00000000
N,20,0.953490673,0.286296916,0.00000000,0.00000000,0.00000000,0.00000000
N,16,0.982541757,0.246222805,0.00000000,0.00000000,0.00000000,0.00000000
N,12,1.01070455,0.205519403,0.00000000,0.00000000,0.00000000,0.00000000
N,8,1.03800235,0.164230835,0.00000000,0.00000000,0.00000000,0.00000000
N,3,1.06444005,0.122386301,0.00000000,0.00000000,0.00000000,0.00000000
N,145,0.750849373E-01,0.363147029,0.00000000,0.00000000,0.00000000,0.00000000
N,146,0.511653331E-01,0.325640668,0.00000000,0.00000000,0.00000000,0.00000000
N,144,0.285711093E-01,0.287323441,0.00000000,0.00000000,0.00000000,0.00000000
N,138,0.837397103E-02,0.247702705,0.00000000,0.00000000,0.00000000,0.00000000
N,134,-0.258855147E-02,0.205144063,0.00000000,0.00000000,0.00000000,0.00000000
N,133,0.366772625E-01,0.204920089,0.00000000,0.00000000,0.00000000,0.00000000
N,132,0.759995818E-01,0.225664539,0.00000000,0.00000000,0.00000000,0.00000000
N,128,0.113556130,0.249498188,0.00000000,0.00000000,0.00000000,0.00000000
N,135,0.150000000,0.400000000,0.00000000,0.00000000,0.00000000,0.00000000
N,107,0.370000000,0.542691221,0.00000000,0.00000000,0.00000000,0.00000000
N,129,0.181454711,0.431101074,0.00000000,0.00000000,0.00000000,0.00000000
N,125,0.214931561,0.460011289,0.00000000,0.00000000,0.00000000,0.00000000
N,121,0.250518503,0.486275566,0.00000000,0.00000000,0.00000000,0.00000000
N,117,0.288272406,0.509308639,0.00000000,0.00000000,0.00000000,0.00000000
N,113,0.328163837,0.528389233,0.00000000,0.00000000,0.00000000,0.00000000
N,94,0.370000000,0.443676410,0.00000000,0.00000000,0.00000000,0.00000000
N,100,0.370000000,0.493183816,0.00000000,0.00000000,0.00000000,0.00000000
N,115,0.200000000,0.350000000,0.00000000,0.00000000,0.00000000,0.00000000
N,111,0.238476609,0.380235046,0.00000000,0.00000000,0.00000000,0.00000000
N,104,0.279694308,0.406599610,0.00000000,0.00000000,0.00000000,0.00000000
N,103,0.323632636,0.428108045,0.00000000,0.00000000,0.00000000,0.00000000
N,119,0.163682111,0.319226270,0.00000000,0.00000000,0.00000000,0.00000000
N,123,0.126950396,0.288947808,0.00000000,0.00000000,0.00000000,0.00000000
N,127,0.896888855E-01,0.259324606,0.00000000,0.00000000,0.00000000,0.00000000
N,131,0.515071700E-01,0.230902950,0.00000000,0.00000000,0.00000000,0.00000000
N,137,0.100063626E-01,0.209993665,0.00000000,0.00000000,0.00000000,0.00000000
N,143,0.308926319E-01,0.251492470,0.00000000,0.00000000,0.00000000,0.00000000
N,142,0.593135988E-01,0.289674694,0.00000000,0.00000000,0.00000000,0.00000000
N,141,0.889364911E-01,0.326936451,0.00000000,0.00000000,0.00000000,0.00000000
N,139,0.119214750,0.363668334,0.00000000,0.00000000,0.00000000,0.00000000
N,2,1.07000000,0.950000000E-01,0.00000000,0.00000000,0.00000000,0.00000000
N,46,0.770000000,0.410761677,0.00000000,0.00000000,0.00000000,0.00000000
N,7,1.04031165,0.133366969,0.00000000,0.00000000,0.00000000,0.00000000
N,11,1.00972693,0.171023343,0.00000000,0.00000000,0.00000000,0.00000000
N,15,0.978269410,0.207953692,0.00000000,0.00000000,0.00000000,0.00000000
N,19,0.945939839,0.244122987,0.00000000,0.00000000,0.00000000,0.00000000
N,23,0.912720360,0.279476523,0.00000000,0.00000000,0.00000000,0.00000000
N,27,0.878576364,0.313937718,0.00000000,0.00000000,0.00000000,0.00000000
N,31,0.843456824,0.347403748,0.00000000,0.00000000,0.00000000,0.00000000
N,37,0.807293595,0.379738484,0.00000000,0.00000000,0.00000000,0.00000000
N,21,0.990000000,0.130000000,0.00000000,0.00000000,0.00000000,0.00000000
N,17,1.02029374,0.101793879,0.00000000,0.00000000,0.00000000,0.00000000
N,13,1.05116408,0.742210977E-01,0.00000000,0.00000000,0.00000000,0.00000000
N,9,1.08327605,0.481216557E-01,0.00000000,0.00000000,0.00000000,0.00000000
N,4,1.09251373,0.602740964E-01,0.00000000,0.00000000,0.00000000,0.00000000
N,50,0.770000000,0.323674930,0.00000000,0.00000000,0.00000000,0.00000000
N,25,0.955941061,0.165123719,0.00000000,0.00000000,0.00000000,0.00000000
N,29,0.920817095,0.199182543,0.00000000,0.00000000,0.00000000,0.00000000
N,33,0.884667631,0.232150835,0.00000000,0.00000000,0.00000000,0.00000000
N,39,0.847498938,0.263965346,0.00000000,0.00000000,0.00000000,0.00000000
N,49,0.809290855,0.294523250,0.00000000,0.00000000,0.00000000,0.00000000
N,48,0.770000000,0.367218304,0.00000000,0.00000000,0.00000000,0.00000000
N,98,0.410000000,0.550936340,0.00000000,0.00000000,0.00000000,0.00000000
N,44,0.720000000,0.448477469,0.00000000,0.00000000,0.00000000,0.00000000
N,91,0.457672470,0.553820557,0.00000000,0.00000000,0.00000000,0.00000000
N,84,0.505199205,0.549113135,0.00000000,0.00000000,0.00000000,0.00000000
N,77,0.551520264,0.537421526,0.00000000,0.00000000,0.00000000,0.00000000
N,71,0.596155682,0.520351673,0.00000000,0.00000000,0.00000000,0.00000000
N,63,0.639041764,0.499250422,0.00000000,0.00000000,0.00000000,0.00000000
N,55,0.680275476,0.475069743,0.00000000,0.00000000,0.00000000,0.00000000
N,56,0.720000000,0.357342252,0.00000000,0.00000000,0.00000000,0.00000000
N,45,0.720000000,0.402909860,0.00000000,0.00000000,0.00000000,0.00000000
N,92,0.410000000,0.451392438,0.00000000,0.00000000,0.00000000,0.00000000
N,86,0.457123978,0.453857865,0.00000000,0.00000000,0.00000000,0.00000000
N,80,0.504097367,0.449331105,0.00000000,0.00000000,0.00000000,0.00000000
N,74,0.550047807,0.438524448,0.00000000,0.00000000,0.00000000,0.00000000
N,68,0.594609509,0.422917367,0.00000000,0.00000000,0.00000000,0.00000000
N,60,0.637738194,0.403686128,0.00000000,0.00000000,0.00000000,0.00000000
N,57,0.679502346,0.381640361,0.00000000,0.00000000,0.00000000,0.00000000
N,99,0.410000000,0.501164389,0.00000000,0.00000000,0.00000000,0.00000000
N,67,0.595523694,0.397256022,0.00000000,0.00000000,0.00000000,0.00000000
N,65,0.622725407,0.387029067,0.00000000,0.00000000,0.00000000,0.00000000
N,73,0.567478649,0.377322190,0.00000000,0.00000000,0.00000000,0.00000000
N,79,0.514618049,0.388949304,0.00000000,0.00000000,0.00000000,0.00000000
N,85,0.468116242,0.391122225,0.00000000,0.00000000,0.00000000,0.00000000
N,87,0.419762016,0.392078181,0.00000000,0.00000000,0.00000000,0.00000000
N,64,0.631369894,0.354760355,0.00000000,0.00000000,0.00000000,0.00000000
N,58,0.723870342,0.320452636,0.00000000,0.00000000,0.00000000,0.00000000
N,36,0.772309603,0.437990901,0.00000000,0.00000000,0.00000000,0.00000000
N,43,0.757642305,0.465833029,0.00000000,0.00000000,0.00000000,0.00000000
N,42,0.734629357,0.492322908,0.00000000,0.00000000,0.00000000,0.00000000
N,54,0.698950216,0.516162473,0.00000000,0.00000000,0.00000000,0.00000000
N,62,0.659797234,0.535149400,0.00000000,0.00000000,0.00000000,0.00000000
N,70,0.613616896,0.553866893,0.00000000,0.00000000,0.00000000,0.00000000
N,76,0.566860360,0.570122641,0.00000000,0.00000000,0.00000000,0.00000000
N,83,0.519064707,0.580908852,0.00000000,0.00000000,0.00000000,0.00000000
N,90,0.474269691,0.588878998,0.00000000,0.00000000,0.00000000,0.00000000
N,97,0.441083894,0.597090325,0.00000000,0.00000000,0.00000000,0.00000000
N,101,0.412854101,0.604250190,0.00000000,0.00000000,0.00000000,0.00000000
N,110,0.253557592,0.360856262,0.00000000,0.00000000,0.00000000,0.00000000
N,109,0.281329907,0.365897124,0.00000000,0.00000000,0.00000000,0.00000000
N,105,0.325911746,0.379659703,0.00000000,0.00000000,0.00000000,0.00000000
N,95,0.373392007,0.389326552,0.00000000,0.00000000,0.00000000,0.00000000
MAT,     1
EN,1,137,134,133,133
EN,2,137,138,134,134
EN,3,4,6,1,1
EN,4,4,9,6,6
EN,5,14,9,13,13
EN,6,14,10,9,9
EN,7,13,18,14,14
EN,8,13,17,18,18
EN,9,73,64,65,67
EN,10,67,68,74,73
EN,11,65,60,68,67
EN,12,64,58,56,57
EN,13,58,64,66,59
EN,14,72,66,64,73
EN,15,64,57,60,65
EN,16,79,78,72,73
EN,17,74,80,79,73
EN,18,107,98,97,101
EN,19,107,101,102,108
EN,20,114,113,107,108
EN,21,114,118,117,113
EN,22,118,122,121,117
EN,23,125,121,122,126
EN,24,98,91,90,97
EN,25,51,47,58,58
EN,26,52,51,58,58
EN,27,59,52,58,58
EN,28,133,132,131,137
EN,29,79,85,81,78
EN,30,85,87,88,81
EN,31,87,95,96,88
EN,32,87,92,94,95
EN,33,94,103,105,95
EN,34,105,106,96,95
EN,35,103,104,109,105
EN,36,109,112,106,105
EN,37,104,111,110,109
EN,38,110,116,112,109
EN,39,132,128,127,131
EN,40,128,124,123,127
EN,41,124,120,119,123
EN,42,120,116,115,119
EN,43,110,111,115,116
EN,44,92,99,100,94
EN,45,100,99,98,107
EN,46,91,84,83,90
EN,47,84,77,76,83
EN,48,77,71,70,76
EN,49,71,63,62,70
EN,50,42,54,55,55
EN,51,62,63,55,54
EN,52,36,43,44,44
EN,53,42,55,44,43
EN,54,1,3,2,4
EN,55,2,3,8,7
EN,56,7,8,12,11
EN,57,143,144,138,137
EN,58,143,142,146,144
EN,59,142,141,145,146
EN,60,141,139,140,145
EN,61,139,135,136,140
EN,62,129,130,136,135
EN,63,125,126,130,129
EN,64,97,93,102,101
EN,65,90,89,93,97
EN,66,83,82,89,90
EN,67,76,75,82,83
EN,68,70,69,75,76
EN,69,62,61,69,70
EN,70,54,53,61,62
EN,71,42,41,53,54
EN,72,43,35,41,42
EN,73,36,38,35,43
EN,74,12,16,15,11
EN,75,16,20,19,15
EN,76,20,24,23,19
EN,77,24,28,27,23
EN,78,28,32,31,27
EN,79,32,38,37,31
EN,80,36,46,37,38
EN,81,36,44,45,46
EN,82,18,17,21,22
EN,83,21,25,26,22
EN,84,25,29,30,26
EN,85,29,33,34,30
EN,86,33,39,40,34
EN,87,39,49,47,40
EN,88,47,49,50,58
EN,89,50,48,56,58
EN,90,46,45,56,48
EN,91,85,86,92,87
EN,92,79,80,86,85
EN,93,10,5,6,9
MP,EX,     1,  0.200000000E+12
MP,DENS,     1,   8000.00000    
MP,KXX,     1,   12.5000000    
MP,PRXY,     1,  0.300000000    
MP,	CTEX, 	1, 	13e-6
ACEL,  0.00000000    ,  0.00000000    ,  0.00000000                                                                     
D,107,UX,0.00000000
D,107,UY,0.00000000
D,94,UX,0.00000000
D,94,UY,0.00000000
D,100,UX,0.00000000
D,100,UY,0.00000000
SFC,     1,     2,CONV,0,  1000.00000    ,  1400.00000    
SFC,     2,     2,CONV,0,  1000.00000    ,  1400.00000    
SFC,     3,     2,CONV,0,  1000.00000    ,  1400.00000    
SFC,     4,     1,CONV,0,  500.000000    ,  130.000000    
SFC,     5,     2,CONV,0,  500.000000    ,  130.000000    
SFC,     6,     1,CONV,0,  1000.00000    ,  1400.00000    
SFC,     7,     2,CONV,0,  1000.00000    ,  1400.00000    
SFC,     8,     1,CONV,0,  500.000000    ,  130.000000    
SFC,    10,     2,CONV,0,  500.000000    ,  130.000000    
SFC,    11,     2,CONV,0,  500.000000    ,  130.000000    
SFC,    12,     3,CONV,0,  500.000000    ,  130.000000    
SFC,    13,     3,CONV,0,  1000.00000    ,  1400.00000    
SFC,    14,     1,CONV,0,  1000.00000    ,  1400.00000    
SFC,    15,     2,CONV,0,  500.000000    ,  130.000000    
SFC,    16,     2,CONV,0,  1000.00000    ,  1400.00000    
SFC,    17,     1,CONV,0,  500.000000    ,  130.000000    
SFC,    19,     3,CONV,0,  1000.00000    ,  1400.00000    
SFC,    20,     2,CONV,0,  500.000000    ,  130.000000    
SFC,    20,     4,CONV,0,  1000.00000    ,  1400.00000    
SFC,    21,     1,CONV,0,  1000.00000    ,  1400.00000    
SFC,    21,     3,CONV,0,  500.000000    ,  130.000000    
SFC,    22,     1,CONV,0,  1000.00000    ,  1400.00000    
SFC,    22,     3,CONV,0,  500.000000    ,  130.000000    
SFC,    23,     1,CONV,0,  500.000000    ,  130.000000    
SFC,    23,     3,CONV,0,  1000.00000    ,  1400.00000    
SFC,    24,     1,CONV,0,  500.000000    ,  130.000000    
SFC,    25,     1,CONV,0,  1000.00000    ,  1400.00000    
SFC,    26,     1,CONV,0,  1000.00000    ,  1400.00000    
SFC,    27,     1,CONV,0,  1000.00000    ,  1400.00000    
SFC,    28,     1,CONV,0,  1000.00000    ,  1400.00000    
SFC,    28,     3,CONV,0,  500.000000    ,  130.000000    
SFC,    29,     3,CONV,0,  1000.00000    ,  1400.00000    
SFC,    30,     3,CONV,0,  1000.00000    ,  1400.00000    
SFC,    31,     3,CONV,0,  1000.00000    ,  1400.00000    
SFC,    33,     1,CONV,0,  500.000000    ,  130.000000    
SFC,    34,     2,CONV,0,  1000.00000    ,  1400.00000    
SFC,    35,     1,CONV,0,  500.000000    ,  130.000000    
SFC,    36,     2,CONV,0,  1000.00000    ,  1400.00000    
SFC,    37,     1,CONV,0,  500.000000    ,  130.000000    
SFC,    38,     2,CONV,0,  1000.00000    ,  1400.00000    
SFC,    39,     1,CONV,0,  1000.00000    ,  1400.00000    
SFC,    39,     3,CONV,0,  500.000000    ,  130.000000    
SFC,    40,     1,CONV,0,  1000.00000    ,  1400.00000    
SFC,    40,     3,CONV,0,  500.000000    ,  130.000000    
SFC,    41,     1,CONV,0,  1000.00000    ,  1400.00000    
SFC,    41,     3,CONV,0,  500.000000    ,  130.000000    
SFC,    42,     1,CONV,0,  1000.00000    ,  1400.00000    
SFC,    42,     3,CONV,0,  500.000000    ,  130.000000    
SFC,    43,     2,CONV,0,  500.000000    ,  130.000000    
SFC,    44,     1,CONV,0,  500.000000    ,  130.000000    
SFC,    44,     3,CONV,0,  500.000000    ,  130.000000    
SFC,    45,     2,CONV,0,  500.000000    ,  130.000000    
SFC,    45,     4,CONV,0,  500.000000    ,  130.000000    
SFC,    46,     1,CONV,0,  500.000000    ,  130.000000    
SFC,    47,     1,CONV,0,  500.000000    ,  130.000000    
SFC,    48,     1,CONV,0,  500.000000    ,  130.000000    
SFC,    49,     1,CONV,0,  500.000000    ,  130.000000    
SFC,    51,     2,CONV,0,  500.000000    ,  130.000000    
SFC,    53,     2,CONV,0,  500.000000    ,  130.000000    
SFC,    54,     1,CONV,0,  1000.00000    ,  1400.00000    
SFC,    54,     3,CONV,0,  500.000000    ,  130.000000    
SFC,    55,     2,CONV,0,  1000.00000    ,  1400.00000    
SFC,    55,     4,CONV,0,  500.000000    ,  130.000000    
SFC,    56,     2,CONV,0,  1000.00000    ,  1400.00000    
SFC,    56,     4,CONV,0,  500.000000    ,  130.000000    
SFC,    57,     2,CONV,0,  1000.00000    ,  1400.00000    
SFC,    57,     4,CONV,0,  500.000000    ,  130.000000    
SFC,    58,     1,CONV,0,  500.000000    ,  130.000000    
SFC,    58,     3,CONV,0,  1000.00000    ,  1400.00000    
SFC,    59,     1,CONV,0,  500.000000    ,  130.000000    
SFC,    59,     3,CONV,0,  1000.00000    ,  1400.00000    
SFC,    60,     1,CONV,0,  500.000000    ,  130.000000    
SFC,    60,     3,CONV,0,  1000.00000    ,  1400.00000    
SFC,    61,     1,CONV,0,  500.000000    ,  130.000000    
SFC,    61,     3,CONV,0,  1000.00000    ,  1400.00000    
SFC,    62,     2,CONV,0,  1000.00000    ,  1400.00000    
SFC,    62,     4,CONV,0,  500.000000    ,  130.000000    
SFC,    63,     2,CONV,0,  1000.00000    ,  1400.00000    
SFC,    63,     4,CONV,0,  500.000000    ,  130.000000    
SFC,    64,     2,CONV,0,  1000.00000    ,  1400.00000    
SFC,    65,     2,CONV,0,  1000.00000    ,  1400.00000    
SFC,    66,     2,CONV,0,  1000.00000    ,  1400.00000    
SFC,    67,     2,CONV,0,  1000.00000    ,  1400.00000    
SFC,    68,     2,CONV,0,  1000.00000    ,  1400.00000    
SFC,    69,     2,CONV,0,  1000.00000    ,  1400.00000    
SFC,    70,     2,CONV,0,  1000.00000    ,  1400.00000    
SFC,    71,     2,CONV,0,  1000.00000    ,  1400.00000    
SFC,    72,     2,CONV,0,  1000.00000    ,  1400.00000    
SFC,    73,     2,CONV,0,  1000.00000    ,  1400.00000    
SFC,    74,     1,CONV,0,  1000.00000    ,  1400.00000    
SFC,    74,     3,CONV,0,  500.000000    ,  130.000000    
SFC,    75,     1,CONV,0,  1000.00000    ,  1400.00000    
SFC,    75,     3,CONV,0,  500.000000    ,  130.000000    
SFC,    76,     1,CONV,0,  1000.00000    ,  1400.00000    
SFC,    76,     3,CONV,0,  500.000000    ,  130.000000    
SFC,    77,     1,CONV,0,  1000.00000    ,  1400.00000    
SFC,    77,     3,CONV,0,  500.000000    ,  130.000000    
SFC,    78,     1,CONV,0,  1000.00000    ,  1400.00000    
SFC,    78,     3,CONV,0,  500.000000    ,  130.000000    
SFC,    79,     1,CONV,0,  1000.00000    ,  1400.00000    
SFC,    79,     3,CONV,0,  500.000000    ,  130.000000    
SFC,    80,     2,CONV,0,  500.000000    ,  130.000000    
SFC,    81,     2,CONV,0,  500.000000    ,  130.000000    
SFC,    82,     2,CONV,0,  500.000000    ,  130.000000    
SFC,    82,     4,CONV,0,  1000.00000    ,  1400.00000    
SFC,    83,     1,CONV,0,  500.000000    ,  130.000000    
SFC,    83,     3,CONV,0,  1000.00000    ,  1400.00000    
SFC,    84,     1,CONV,0,  500.000000    ,  130.000000    
SFC,    84,     3,CONV,0,  1000.00000    ,  1400.00000    
SFC,    85,     1,CONV,0,  500.000000    ,  130.000000    
SFC,    85,     3,CONV,0,  1000.00000    ,  1400.00000    
SFC,    86,     1,CONV,0,  500.000000    ,  130.000000    
SFC,    86,     3,CONV,0,  1000.00000    ,  1400.00000    
SFC,    87,     1,CONV,0,  500.000000    ,  130.000000    
SFC,    87,     3,CONV,0,  1000.00000    ,  1400.00000    
SFC,    88,     2,CONV,0,  500.000000    ,  130.000000    
SFC,    89,     1,CONV,0,  500.000000    ,  130.000000    
SFC,    90,     2,CONV,0,  500.000000    ,  130.000000    
SFC,    90,     4,CONV,0,  500.000000    ,  130.000000    
SFC,    91,     2,CONV,0,  500.000000    ,  130.000000    
SFC,    92,     2,CONV,0,  500.000000    ,  130.000000    
SFC,    93,     1,CONV,0,  1000.00000    ,  1400.00000    
SFC,    93,     2,CONV,0,  1000.00000    ,  1400.00000    
FINISH

/SOLU
antype, thermstat
FINISH
