/PREP7                                                                                                                  
/TITLE,                                                                                                                 
ET,        1,plane42,,,3                                                                                                  

N,     1, 0.150000000    , 0.275000000    ,  0.00000000    ,  0.00000000    ,  0.00000000    ,  0.00000000    
N,     2,  1.07000000    , 0.500000000E-01,  0.00000000    ,  0.00000000    ,  0.00000000    ,  0.00000000    
N,     3, 0.192039751    , 0.299018413    ,  0.00000000    ,  0.00000000    ,  0.00000000    ,  0.00000000    
N,     4, 0.235861837    , 0.319597346    ,  0.00000000    ,  0.00000000    ,  0.00000000    ,  0.00000000    
N,     5, 0.281366974    , 0.336113839    ,  0.00000000    ,  0.00000000    ,  0.00000000    ,  0.00000000    
N,     6, 0.328285684    , 0.348024716    ,  0.00000000    ,  0.00000000    ,  0.00000000    ,  0.00000000    
N,     7, 0.376191064    , 0.354966374    ,  0.00000000    ,  0.00000000    ,  0.00000000    ,  0.00000000    
N,     8, 0.424561568    , 0.356829919    ,  0.00000000    ,  0.00000000    ,  0.00000000    ,  0.00000000    
N,     9, 0.472873670    , 0.353773315    ,  0.00000000    ,  0.00000000    ,  0.00000000    ,  0.00000000    
N,    10, 0.520685536    , 0.346173352    ,  0.00000000    ,  0.00000000    ,  0.00000000    ,  0.00000000    
N,    11, 0.567727908    , 0.334715582    ,  0.00000000    ,  0.00000000    ,  0.00000000    ,  0.00000000    
N,    12, 0.613916053    , 0.320180710    ,  0.00000000    ,  0.00000000    ,  0.00000000    ,  0.00000000    
N,    13, 0.659242694    , 0.303142284    ,  0.00000000    ,  0.00000000    ,  0.00000000    ,  0.00000000    
N,    14, 0.703730389    , 0.284016770    ,  0.00000000    ,  0.00000000    ,  0.00000000    ,  0.00000000    
N,    15, 0.747410776    , 0.263111102    ,  0.00000000    ,  0.00000000    ,  0.00000000    ,  0.00000000    
N,    16, 0.790314991    , 0.240654335    ,  0.00000000    ,  0.00000000    ,  0.00000000    ,  0.00000000    
N,    17, 0.832469170    , 0.216818638    ,  0.00000000    ,  0.00000000    ,  0.00000000    ,  0.00000000    
N,    18, 0.873892165    , 0.191733269    ,  0.00000000    ,  0.00000000    ,  0.00000000    ,  0.00000000    
N,    19, 0.914594115    , 0.165493840    ,  0.00000000    ,  0.00000000    ,  0.00000000    ,  0.00000000    
N,    20, 0.954575125    , 0.138168308    ,  0.00000000    ,  0.00000000    ,  0.00000000    ,  0.00000000    
N,    21, 0.993823539    , 0.109800521    ,  0.00000000    ,  0.00000000    ,  0.00000000    ,  0.00000000    
N,    22,  1.03231334    , 0.804117166E-01,  0.00000000    ,  0.00000000    ,  0.00000000    ,  0.00000000    
N,    23,  1.09000000    , 0.800000000E-01,  0.00000000    ,  0.00000000    ,  0.00000000    ,  0.00000000    
N,    24,  1.11183685    , 0.436071701E-01,  0.00000000    ,  0.00000000    ,  0.00000000    ,  0.00000000    
N,    25,  1.13022104    , 0.544302352E-02,  0.00000000    ,  0.00000000    ,  0.00000000    ,  0.00000000    
N,    26,  1.10037848    , 0.203640729E-01,  0.00000000    ,  0.00000000    ,  0.00000000    ,  0.00000000    
N,    27, 0.100000000    , 0.400000000    ,  0.00000000    ,  0.00000000    ,  0.00000000    ,  0.00000000    
N,    28, 0.129697760    , 0.439591794    ,  0.00000000    ,  0.00000000    ,  0.00000000    ,  0.00000000    
N,    29, 0.161448970    , 0.477555553    ,  0.00000000    ,  0.00000000    ,  0.00000000    ,  0.00000000    
N,    30, 0.195348978    , 0.513611353    ,  0.00000000    ,  0.00000000    ,  0.00000000    ,  0.00000000    
N,    31, 0.231554183    , 0.547347902    ,  0.00000000    ,  0.00000000    ,  0.00000000    ,  0.00000000    
N,    32, 0.270258800    , 0.578178102    ,  0.00000000    ,  0.00000000    ,  0.00000000    ,  0.00000000    
N,    33, 0.311654654    , 0.605275116    ,  0.00000000    ,  0.00000000    ,  0.00000000    ,  0.00000000    
N,    34, 0.355844754    , 0.627501768    ,  0.00000000    ,  0.00000000    ,  0.00000000    ,  0.00000000    
N,    35, 0.402672958    , 0.643387445    ,  0.00000000    ,  0.00000000    ,  0.00000000    ,  0.00000000    
N,    36, 0.451468467    , 0.651288348    ,  0.00000000    ,  0.00000000    ,  0.00000000    ,  0.00000000    
N,    37, 0.500867106    , 0.649891089    ,  0.00000000    ,  0.00000000    ,  0.00000000    ,  0.00000000    
N,    38, 0.549133765    , 0.639209753    ,  0.00000000    ,  0.00000000    ,  0.00000000    ,  0.00000000    
N,    39, 0.595212958    , 0.621236917    ,  0.00000000    ,  0.00000000    ,  0.00000000    ,  0.00000000    
N,    40, 0.638867528    , 0.597953615    ,  0.00000000    ,  0.00000000    ,  0.00000000    ,  0.00000000    
N,    41, 0.680225701    , 0.570784100    ,  0.00000000    ,  0.00000000    ,  0.00000000    ,  0.00000000    
N,    42, 0.719524348    , 0.540704635    ,  0.00000000    ,  0.00000000    ,  0.00000000    ,  0.00000000    
N,    43, 0.757005799    , 0.508384720    ,  0.00000000    ,  0.00000000    ,  0.00000000    ,  0.00000000    
N,    44, 0.792884564    , 0.474291915    ,  0.00000000    ,  0.00000000    ,  0.00000000    ,  0.00000000    
N,    45, 0.827340605    , 0.438760334    ,  0.00000000    ,  0.00000000    ,  0.00000000    ,  0.00000000    
N,    46, 0.860521444    , 0.402034131    ,  0.00000000    ,  0.00000000    ,  0.00000000    ,  0.00000000    
N,    47, 0.892546479    , 0.364295207    ,  0.00000000    ,  0.00000000    ,  0.00000000    ,  0.00000000    
N,    48, 0.923511217    , 0.325681133    ,  0.00000000    ,  0.00000000    ,  0.00000000    ,  0.00000000    
N,    49, 0.953490673    , 0.286296916    ,  0.00000000    ,  0.00000000    ,  0.00000000    ,  0.00000000    
N,    50, 0.982541757    , 0.246222805    ,  0.00000000    ,  0.00000000    ,  0.00000000    ,  0.00000000    
N,    51,  1.01070455    , 0.205519403    ,  0.00000000    ,  0.00000000    ,  0.00000000    ,  0.00000000    
N,    52,  1.03800235    , 0.164230835    ,  0.00000000    ,  0.00000000    ,  0.00000000    ,  0.00000000    
N,    53,  1.06444005    , 0.122386301    ,  0.00000000    ,  0.00000000    ,  0.00000000    ,  0.00000000    
N,    54, 0.750849373E-01, 0.363147029    ,  0.00000000    ,  0.00000000    ,  0.00000000    ,  0.00000000    
N,    55, 0.511653331E-01, 0.325640668    ,  0.00000000    ,  0.00000000    ,  0.00000000    ,  0.00000000    
N,    56, 0.285711093E-01, 0.287323441    ,  0.00000000    ,  0.00000000    ,  0.00000000    ,  0.00000000    
N,    57, 0.837397103E-02, 0.247702705    ,  0.00000000    ,  0.00000000    ,  0.00000000    ,  0.00000000    
N,    58,-0.258855147E-02, 0.205144063    ,  0.00000000    ,  0.00000000    ,  0.00000000    ,  0.00000000    
N,    59, 0.366772625E-01, 0.204920089    ,  0.00000000    ,  0.00000000    ,  0.00000000    ,  0.00000000    
N,    60, 0.759995818E-01, 0.225664539    ,  0.00000000    ,  0.00000000    ,  0.00000000    ,  0.00000000    
N,    61, 0.113556130    , 0.249498188    ,  0.00000000    ,  0.00000000    ,  0.00000000    ,  0.00000000    
N,    62, 0.150000000    , 0.400000000    ,  0.00000000    ,  0.00000000    ,  0.00000000    ,  0.00000000    
N,    63, 0.370000000    , 0.542691221    ,  0.00000000    ,  0.00000000    ,  0.00000000    ,  0.00000000    
N,    64, 0.181454711    , 0.431101074    ,  0.00000000    ,  0.00000000    ,  0.00000000    ,  0.00000000    
N,    65, 0.214931561    , 0.460011289    ,  0.00000000    ,  0.00000000    ,  0.00000000    ,  0.00000000    
N,    66, 0.250518503    , 0.486275566    ,  0.00000000    ,  0.00000000    ,  0.00000000    ,  0.00000000    
N,    67, 0.288272406    , 0.509308639    ,  0.00000000    ,  0.00000000    ,  0.00000000    ,  0.00000000    
N,    68, 0.328163837    , 0.528389233    ,  0.00000000    ,  0.00000000    ,  0.00000000    ,  0.00000000    
N,    69, 0.370000000    , 0.443676410    ,  0.00000000    ,  0.00000000    ,  0.00000000    ,  0.00000000    
N,    70, 0.370000000    , 0.493183816    ,  0.00000000    ,  0.00000000    ,  0.00000000    ,  0.00000000    
N,    71, 0.200000000    , 0.350000000    ,  0.00000000    ,  0.00000000    ,  0.00000000    ,  0.00000000    
N,    72, 0.238476609    , 0.380235046    ,  0.00000000    ,  0.00000000    ,  0.00000000    ,  0.00000000    
N,    73, 0.279694308    , 0.406599610    ,  0.00000000    ,  0.00000000    ,  0.00000000    ,  0.00000000    
N,    74, 0.323632636    , 0.428108045    ,  0.00000000    ,  0.00000000    ,  0.00000000    ,  0.00000000    
N,    75, 0.163682111    , 0.319226270    ,  0.00000000    ,  0.00000000    ,  0.00000000    ,  0.00000000    
N,    76, 0.126950396    , 0.288947808    ,  0.00000000    ,  0.00000000    ,  0.00000000    ,  0.00000000    
N,    77, 0.896888855E-01, 0.259324606    ,  0.00000000    ,  0.00000000    ,  0.00000000    ,  0.00000000    
N,    78, 0.515071700E-01, 0.230902950    ,  0.00000000    ,  0.00000000    ,  0.00000000    ,  0.00000000    
N,    79, 0.100063626E-01, 0.209993665    ,  0.00000000    ,  0.00000000    ,  0.00000000    ,  0.00000000    
N,    80, 0.308926319E-01, 0.251492470    ,  0.00000000    ,  0.00000000    ,  0.00000000    ,  0.00000000    
N,    81, 0.593135988E-01, 0.289674694    ,  0.00000000    ,  0.00000000    ,  0.00000000    ,  0.00000000    
N,    82, 0.889364911E-01, 0.326936451    ,  0.00000000    ,  0.00000000    ,  0.00000000    ,  0.00000000    
N,    83, 0.119214750    , 0.363668334    ,  0.00000000    ,  0.00000000    ,  0.00000000    ,  0.00000000    
N,    84,  1.07000000    , 0.950000000E-01,  0.00000000    ,  0.00000000    ,  0.00000000    ,  0.00000000    
N,    85, 0.770000000    , 0.410761677    ,  0.00000000    ,  0.00000000    ,  0.00000000    ,  0.00000000    
N,    86,  1.04031165    , 0.133366969    ,  0.00000000    ,  0.00000000    ,  0.00000000    ,  0.00000000    
N,    87,  1.00972693    , 0.171023343    ,  0.00000000    ,  0.00000000    ,  0.00000000    ,  0.00000000    
N,    88, 0.978269410    , 0.207953692    ,  0.00000000    ,  0.00000000    ,  0.00000000    ,  0.00000000    
N,    89, 0.945939839    , 0.244122987    ,  0.00000000    ,  0.00000000    ,  0.00000000    ,  0.00000000    
N,    90, 0.912720360    , 0.279476523    ,  0.00000000    ,  0.00000000    ,  0.00000000    ,  0.00000000    
N,    91, 0.878576364    , 0.313937718    ,  0.00000000    ,  0.00000000    ,  0.00000000    ,  0.00000000    
N,    92, 0.843456824    , 0.347403748    ,  0.00000000    ,  0.00000000    ,  0.00000000    ,  0.00000000    
N,    93, 0.807293595    , 0.379738484    ,  0.00000000    ,  0.00000000    ,  0.00000000    ,  0.00000000    
N,    94, 0.990000000    , 0.130000000    ,  0.00000000    ,  0.00000000    ,  0.00000000    ,  0.00000000    
N,    95,  1.02029374    , 0.101793879    ,  0.00000000    ,  0.00000000    ,  0.00000000    ,  0.00000000    
N,    96,  1.05116408    , 0.742210977E-01,  0.00000000    ,  0.00000000    ,  0.00000000    ,  0.00000000    
N,    97,  1.08327605    , 0.481216557E-01,  0.00000000    ,  0.00000000    ,  0.00000000    ,  0.00000000    
N,    98,  1.09251373    , 0.602740964E-01,  0.00000000    ,  0.00000000    ,  0.00000000    ,  0.00000000    
N,    99, 0.770000000    , 0.323674930    ,  0.00000000    ,  0.00000000    ,  0.00000000    ,  0.00000000    
N,   100, 0.955941061    , 0.165123719    ,  0.00000000    ,  0.00000000    ,  0.00000000    ,  0.00000000    
N,   101, 0.920817095    , 0.199182543    ,  0.00000000    ,  0.00000000    ,  0.00000000    ,  0.00000000    
N,   102, 0.884667631    , 0.232150835    ,  0.00000000    ,  0.00000000    ,  0.00000000    ,  0.00000000    
N,   103, 0.847498938    , 0.263965346    ,  0.00000000    ,  0.00000000    ,  0.00000000    ,  0.00000000    
N,   104, 0.809290855    , 0.294523250    ,  0.00000000    ,  0.00000000    ,  0.00000000    ,  0.00000000    
N,   105, 0.770000000    , 0.367218304    ,  0.00000000    ,  0.00000000    ,  0.00000000    ,  0.00000000    
N,   106, 0.410000000    , 0.550936340    ,  0.00000000    ,  0.00000000    ,  0.00000000    ,  0.00000000    
N,   107, 0.720000000    , 0.448477469    ,  0.00000000    ,  0.00000000    ,  0.00000000    ,  0.00000000    
N,   108, 0.457672470    , 0.553820557    ,  0.00000000    ,  0.00000000    ,  0.00000000    ,  0.00000000    
N,   109, 0.505199205    , 0.549113135    ,  0.00000000    ,  0.00000000    ,  0.00000000    ,  0.00000000    
N,   110, 0.551520264    , 0.537421526    ,  0.00000000    ,  0.00000000    ,  0.00000000    ,  0.00000000    
N,   111, 0.596155682    , 0.520351673    ,  0.00000000    ,  0.00000000    ,  0.00000000    ,  0.00000000    
N,   112, 0.639041764    , 0.499250422    ,  0.00000000    ,  0.00000000    ,  0.00000000    ,  0.00000000    
N,   113, 0.680275476    , 0.475069743    ,  0.00000000    ,  0.00000000    ,  0.00000000    ,  0.00000000    
N,   114, 0.720000000    , 0.357342252    ,  0.00000000    ,  0.00000000    ,  0.00000000    ,  0.00000000    
N,   115, 0.720000000    , 0.402909860    ,  0.00000000    ,  0.00000000    ,  0.00000000    ,  0.00000000    
N,   116, 0.410000000    , 0.451392438    ,  0.00000000    ,  0.00000000    ,  0.00000000    ,  0.00000000    
N,   117, 0.457123978    , 0.453857865    ,  0.00000000    ,  0.00000000    ,  0.00000000    ,  0.00000000    
N,   118, 0.504097367    , 0.449331105    ,  0.00000000    ,  0.00000000    ,  0.00000000    ,  0.00000000    
N,   119, 0.550047807    , 0.438524448    ,  0.00000000    ,  0.00000000    ,  0.00000000    ,  0.00000000    
N,   120, 0.594609509    , 0.422917367    ,  0.00000000    ,  0.00000000    ,  0.00000000    ,  0.00000000    
N,   121, 0.637738194    , 0.403686128    ,  0.00000000    ,  0.00000000    ,  0.00000000    ,  0.00000000    
N,   122, 0.679502346    , 0.381640361    ,  0.00000000    ,  0.00000000    ,  0.00000000    ,  0.00000000    
N,   123, 0.410000000    , 0.501164389    ,  0.00000000    ,  0.00000000    ,  0.00000000    ,  0.00000000    
N,   124, 0.595523694    , 0.397256022    ,  0.00000000    ,  0.00000000    ,  0.00000000    ,  0.00000000    
N,   125, 0.622725407    , 0.387029067    ,  0.00000000    ,  0.00000000    ,  0.00000000    ,  0.00000000    
N,   126, 0.567478649    , 0.377322190    ,  0.00000000    ,  0.00000000    ,  0.00000000    ,  0.00000000    
N,   127, 0.514618049    , 0.388949304    ,  0.00000000    ,  0.00000000    ,  0.00000000    ,  0.00000000    
N,   128, 0.468116242    , 0.391122225    ,  0.00000000    ,  0.00000000    ,  0.00000000    ,  0.00000000    
N,   129, 0.419762016    , 0.392078181    ,  0.00000000    ,  0.00000000    ,  0.00000000    ,  0.00000000    
N,   130, 0.631369894    , 0.354760355    ,  0.00000000    ,  0.00000000    ,  0.00000000    ,  0.00000000    
N,   131, 0.723870342    , 0.320452636    ,  0.00000000    ,  0.00000000    ,  0.00000000    ,  0.00000000    
N,   132, 0.772309603    , 0.437990901    ,  0.00000000    ,  0.00000000    ,  0.00000000    ,  0.00000000    
N,   133, 0.757642305    , 0.465833029    ,  0.00000000    ,  0.00000000    ,  0.00000000    ,  0.00000000    
N,   134, 0.734629357    , 0.492322908    ,  0.00000000    ,  0.00000000    ,  0.00000000    ,  0.00000000    
N,   135, 0.698950216    , 0.516162473    ,  0.00000000    ,  0.00000000    ,  0.00000000    ,  0.00000000    
N,   136, 0.659797234    , 0.535149400    ,  0.00000000    ,  0.00000000    ,  0.00000000    ,  0.00000000    
N,   137, 0.613616896    , 0.553866893    ,  0.00000000    ,  0.00000000    ,  0.00000000    ,  0.00000000    
N,   138, 0.566860360    , 0.570122641    ,  0.00000000    ,  0.00000000    ,  0.00000000    ,  0.00000000    
N,   139, 0.519064707    , 0.580908852    ,  0.00000000    ,  0.00000000    ,  0.00000000    ,  0.00000000    
N,   140, 0.474269691    , 0.588878998    ,  0.00000000    ,  0.00000000    ,  0.00000000    ,  0.00000000    
N,   141, 0.441083894    , 0.597090325    ,  0.00000000    ,  0.00000000    ,  0.00000000    ,  0.00000000    
N,   142, 0.412854101    , 0.604250190    ,  0.00000000    ,  0.00000000    ,  0.00000000    ,  0.00000000    
N,   143, 0.253557592    , 0.360856262    ,  0.00000000    ,  0.00000000    ,  0.00000000    ,  0.00000000    
N,   144, 0.281329907    , 0.365897124    ,  0.00000000    ,  0.00000000    ,  0.00000000    ,  0.00000000    
N,   145, 0.325911746    , 0.379659703    ,  0.00000000    ,  0.00000000    ,  0.00000000    ,  0.00000000    
N,   146, 0.373392007    , 0.389326552    ,  0.00000000    ,  0.00000000    ,  0.00000000    ,  0.00000000    

! MP from CES
MP,	EX,  	1,	200e9
MP,	PRXY,	1,	0.3
MP,	DENS,	1,	8e3
MP, KXX,	1,	12.5
MP,	CTEX, 	1, 	13e-6
R, 	1,	1  

! Test MP
!MP,	EX,  	1,	1
!MP,	PRXY,	1,	0.3
!MP,	DENS,	1,	1
!MP, 	KXX,	1,	1e3
!MP,	CTEX, 	1, 	1
!R, 	1,	1  


EN,      1,     79,     58,     59,     59
EN,      2,     79,     57,     58,     58
EN,      3,     98,     24,     23,     23
EN,      4,     98,     97,     24,     24
EN,      5,      2,     97,     96,     96
EN,      6,      2,     26,     97,     97
EN,      7,     96,     22,      2,      2
EN,      8,     96,     95,     22,     22
EN,      9,    126,    130,    125,    124
EN,     10,    124,    120,    119,    126
EN,     11,    125,    121,    120,    124
EN,     12,    130,    131,    114,    122
EN,     13,    131,    130,     12,     13
EN,     14,     11,     12,    130,    126
EN,     15,    130,    122,    121,    125
EN,     16,    127,     10,     11,    126
EN,     17,    119,    118,    127,    126
EN,     18,     63,    106,    141,    142
EN,     19,     63,    142,     35,     34
EN,     20,     33,     68,     63,     34
EN,     21,     33,     32,     67,     68
EN,     22,     32,     31,     66,     67
EN,     23,     65,     66,     31,     30
EN,     24,    106,    108,    140,    141
EN,     25,     15,     16,    131,    131
EN,     26,     14,     15,    131,    131
EN,     27,     13,     14,    131,    131
EN,     28,     59,     60,     78,     79
EN,     29,    127,    128,      9,     10
EN,     30,    128,    129,      8,      9
EN,     31,    129,    146,      7,      8
EN,     32,    129,    116,     69,    146
EN,     33,     69,     74,    145,    146
EN,     34,    145,      6,      7,    146
EN,     35,     74,     73,    144,    145
EN,     36,    144,      5,      6,    145
EN,     37,     73,     72,    143,    144
EN,     38,    143,      4,      5,    144
EN,     39,     60,     61,     77,     78
EN,     40,     61,      1,     76,     77
EN,     41,      1,      3,     75,     76
EN,     42,      3,      4,     71,     75
EN,     43,    143,     72,     71,      4
EN,     44,    116,    123,     70,     69
EN,     45,     70,    123,    106,     63
EN,     46,    108,    109,    139,    140
EN,     47,    109,    110,    138,    139
EN,     48,    110,    111,    137,    138
EN,     49,    111,    112,    136,    137
EN,     50,    134,    135,    113,    113
EN,     51,    136,    112,    113,    135
EN,     52,    132,    133,    107,    107
EN,     53,    134,    113,    107,    133
EN,     54,     23,     53,     84,     98
EN,     55,     84,     53,     52,     86
EN,     56,     86,     52,     51,     87
EN,     57,     80,     56,     57,     79
EN,     58,     80,     81,     55,     56
EN,     59,     81,     82,     54,     55
EN,     60,     82,     83,     27,     54
EN,     61,     83,     62,     28,     27
EN,     62,     64,     29,     28,     62
EN,     63,     65,     30,     29,     64
EN,     64,    141,     36,     35,    142
EN,     65,    140,     37,     36,    141
EN,     66,    139,     38,     37,    140
EN,     67,    138,     39,     38,    139
EN,     68,    137,     40,     39,    138
EN,     69,    136,     41,     40,    137
EN,     70,    135,     42,     41,    136
EN,     71,    134,     43,     42,    135
EN,     72,    133,     44,     43,    134
EN,     73,    132,     45,     44,    133
EN,     74,     51,     50,     88,     87
EN,     75,     50,     49,     89,     88
EN,     76,     49,     48,     90,     89
EN,     77,     48,     47,     91,     90
EN,     78,     47,     46,     92,     91
EN,     79,     46,     45,     93,     92
EN,     80,    132,     85,     93,     45
EN,     81,    132,    107,    115,     85
EN,     82,     22,     95,     94,     21
EN,     83,     94,    100,     20,     21
EN,     84,    100,    101,     19,     20
EN,     85,    101,    102,     18,     19
EN,     86,    102,    103,     17,     18
EN,     87,    103,    104,     16,     17
EN,     88,     16,    104,     99,    131
EN,     89,     99,    105,    114,    131
EN,     90,     85,    115,    114,    105
EN,     91,    128,    117,    116,    129
EN,     92,    127,    118,    117,    128
EN,     93,     26,     25,     24,     97

                                                                 
D,    63,UX,  0.00000000    
D,    63,UY,  0.00000000    
D,    69,UX,  0.00000000    
D,    69,UY,  0.00000000    
D,    70,UX,  0.00000000    
D,    70,UY,  0.00000000    


SPC,     1,     2,CONV,0,  1000.00000    ,  1400.00000    
SPC,     2,     2,CONV,0,  1000.00000    ,  1400.00000    
SPC,     3,     2,CONV,0,  1000.00000    ,  1400.00000    
SPC,     4,     1,CONV,0,  500.000000    ,  130.000000    
SPC,     5,     2,CONV,0,  500.000000    ,  130.000000    
SPC,     6,     1,CONV,0,  1000.00000    ,  1400.00000    
SPC,     7,     2,CONV,0,  1000.00000    ,  1400.00000    
SPC,     8,     1,CONV,0,  500.000000    ,  130.000000    
SPC,    10,     2,CONV,0,  500.000000    ,  130.000000    
SPC,    11,     2,CONV,0,  500.000000    ,  130.000000    
SPC,    12,     3,CONV,0,  500.000000    ,  130.000000    
SPC,    13,     3,CONV,0,  1000.00000    ,  1400.00000    
SPC,    14,     1,CONV,0,  1000.00000    ,  1400.00000    
SPC,    15,     2,CONV,0,  500.000000    ,  130.000000    
SPC,    16,     2,CONV,0,  1000.00000    ,  1400.00000    
SPC,    17,     1,CONV,0,  500.000000    ,  130.000000    
SPC,    19,     3,CONV,0,  1000.00000    ,  1400.00000    
SPC,    20,     2,CONV,0,  500.000000    ,  130.000000    
SPC,    20,     4,CONV,0,  1000.00000    ,  1400.00000    
SPC,    21,     1,CONV,0,  1000.00000    ,  1400.00000    
SPC,    21,     3,CONV,0,  500.000000    ,  130.000000    
SPC,    22,     1,CONV,0,  1000.00000    ,  1400.00000    
SPC,    22,     3,CONV,0,  500.000000    ,  130.000000    
SPC,    23,     1,CONV,0,  500.000000    ,  130.000000    
SPC,    23,     3,CONV,0,  1000.00000    ,  1400.00000    
SPC,    24,     1,CONV,0,  500.000000    ,  130.000000    
SPC,    25,     1,CONV,0,  1000.00000    ,  1400.00000    
SPC,    26,     1,CONV,0,  1000.00000    ,  1400.00000    
SPC,    27,     1,CONV,0,  1000.00000    ,  1400.00000    
SPC,    28,     1,CONV,0,  1000.00000    ,  1400.00000    
SPC,    28,     3,CONV,0,  500.000000    ,  130.000000    
SPC,    29,     3,CONV,0,  1000.00000    ,  1400.00000    
SPC,    30,     3,CONV,0,  1000.00000    ,  1400.00000    
SPC,    31,     3,CONV,0,  1000.00000    ,  1400.00000    
SPC,    33,     1,CONV,0,  500.000000    ,  130.000000    
SPC,    34,     2,CONV,0,  1000.00000    ,  1400.00000    
SPC,    35,     1,CONV,0,  500.000000    ,  130.000000    
SPC,    36,     2,CONV,0,  1000.00000    ,  1400.00000    
SPC,    37,     1,CONV,0,  500.000000    ,  130.000000    
SPC,    38,     2,CONV,0,  1000.00000    ,  1400.00000    
SPC,    39,     1,CONV,0,  1000.00000    ,  1400.00000    
SPC,    39,     3,CONV,0,  500.000000    ,  130.000000    
SPC,    40,     1,CONV,0,  1000.00000    ,  1400.00000    
SPC,    40,     3,CONV,0,  500.000000    ,  130.000000    
SPC,    41,     1,CONV,0,  1000.00000    ,  1400.00000    
SPC,    41,     3,CONV,0,  500.000000    ,  130.000000    
SPC,    42,     1,CONV,0,  1000.00000    ,  1400.00000    
SPC,    42,     3,CONV,0,  500.000000    ,  130.000000    
SPC,    43,     2,CONV,0,  500.000000    ,  130.000000    
SPC,    44,     1,CONV,0,  500.000000    ,  130.000000    
SPC,    44,     3,CONV,0,  500.000000    ,  130.000000    
SPC,    45,     2,CONV,0,  500.000000    ,  130.000000    
SPC,    45,     4,CONV,0,  500.000000    ,  130.000000    
SPC,    46,     1,CONV,0,  500.000000    ,  130.000000    
SPC,    47,     1,CONV,0,  500.000000    ,  130.000000    
SPC,    48,     1,CONV,0,  500.000000    ,  130.000000    
SPC,    49,     1,CONV,0,  500.000000    ,  130.000000    
SPC,    51,     2,CONV,0,  500.000000    ,  130.000000    
SPC,    53,     2,CONV,0,  500.000000    ,  130.000000    
SPC,    54,     1,CONV,0,  1000.00000    ,  1400.00000    
SPC,    54,     3,CONV,0,  500.000000    ,  130.000000    
SPC,    55,     2,CONV,0,  1000.00000    ,  1400.00000    
SPC,    55,     4,CONV,0,  500.000000    ,  130.000000    
SPC,    56,     2,CONV,0,  1000.00000    ,  1400.00000    
SPC,    56,     4,CONV,0,  500.000000    ,  130.000000    
SPC,    57,     2,CONV,0,  1000.00000    ,  1400.00000    
SPC,    57,     4,CONV,0,  500.000000    ,  130.000000    
SPC,    58,     1,CONV,0,  500.000000    ,  130.000000    
SPC,    58,     3,CONV,0,  1000.00000    ,  1400.00000    
SPC,    59,     1,CONV,0,  500.000000    ,  130.000000    
SPC,    59,     3,CONV,0,  1000.00000    ,  1400.00000    
SPC,    60,     1,CONV,0,  500.000000    ,  130.000000    
SPC,    60,     3,CONV,0,  1000.00000    ,  1400.00000    
SPC,    61,     1,CONV,0,  500.000000    ,  130.000000    
SPC,    61,     3,CONV,0,  1000.00000    ,  1400.00000    
SPC,    62,     2,CONV,0,  1000.00000    ,  1400.00000    
SPC,    62,     4,CONV,0,  500.000000    ,  130.000000    
SPC,    63,     2,CONV,0,  1000.00000    ,  1400.00000    
SPC,    63,     4,CONV,0,  500.000000    ,  130.000000    
SPC,    64,     2,CONV,0,  1000.00000    ,  1400.00000    
SPC,    65,     2,CONV,0,  1000.00000    ,  1400.00000    
SPC,    66,     2,CONV,0,  1000.00000    ,  1400.00000    
SPC,    67,     2,CONV,0,  1000.00000    ,  1400.00000    
SPC,    68,     2,CONV,0,  1000.00000    ,  1400.00000    
SPC,    69,     2,CONV,0,  1000.00000    ,  1400.00000    
SPC,    70,     2,CONV,0,  1000.00000    ,  1400.00000    
SPC,    71,     2,CONV,0,  1000.00000    ,  1400.00000    
SPC,    72,     2,CONV,0,  1000.00000    ,  1400.00000    
SPC,    73,     2,CONV,0,  1000.00000    ,  1400.00000    
SPC,    74,     1,CONV,0,  1000.00000    ,  1400.00000    
SPC,    74,     3,CONV,0,  500.000000    ,  130.000000    
SPC,    75,     1,CONV,0,  1000.00000    ,  1400.00000    
SPC,    75,     3,CONV,0,  500.000000    ,  130.000000    
SPC,    76,     1,CONV,0,  1000.00000    ,  1400.00000    
SPC,    76,     3,CONV,0,  500.000000    ,  130.000000    
SPC,    77,     1,CONV,0,  1000.00000    ,  1400.00000    
SPC,    77,     3,CONV,0,  500.000000    ,  130.000000    
SPC,    78,     1,CONV,0,  1000.00000    ,  1400.00000    
SPC,    78,     3,CONV,0,  500.000000    ,  130.000000    
SPC,    79,     1,CONV,0,  1000.00000    ,  1400.00000    
SPC,    79,     3,CONV,0,  500.000000    ,  130.000000    
SPC,    80,     2,CONV,0,  500.000000    ,  130.000000    
SPC,    81,     2,CONV,0,  500.000000    ,  130.000000    
SPC,    82,     2,CONV,0,  500.000000    ,  130.000000    
SPC,    82,     4,CONV,0,  1000.00000    ,  1400.00000    
SPC,    83,     1,CONV,0,  500.000000    ,  130.000000    
SPC,    83,     3,CONV,0,  1000.00000    ,  1400.00000    
SPC,    84,     1,CONV,0,  500.000000    ,  130.000000    
SPC,    84,     3,CONV,0,  1000.00000    ,  1400.00000    
SPC,    85,     1,CONV,0,  500.000000    ,  130.000000    
SPC,    85,     3,CONV,0,  1000.00000    ,  1400.00000    
SPC,    86,     1,CONV,0,  500.000000    ,  130.000000    
SPC,    86,     3,CONV,0,  1000.00000    ,  1400.00000    
SPC,    87,     1,CONV,0,  500.000000    ,  130.000000    
SPC,    87,     3,CONV,0,  1000.00000    ,  1400.00000    
SPC,    88,     2,CONV,0,  500.000000    ,  130.000000    
SPC,    89,     1,CONV,0,  500.000000    ,  130.000000    
SPC,    90,     2,CONV,0,  500.000000    ,  130.000000    
SPC,    90,     4,CONV,0,  500.000000    ,  130.000000    
SPC,    91,     2,CONV,0,  500.000000    ,  130.000000    
SPC,    92,     2,CONV,0,  500.000000    ,  130.000000    
SPC,    93,     1,CONV,0,  1000.00000    ,  1400.00000    
SPC,    93,     2,CONV,0,  1000.00000    ,  1400.00000    

FINISH

/SOLU
antype, thermstat
FINISH
