/PREP7                                                                                                                  
/TITLE,                                                                                                                 
ET, 1, PLANE42, , , 3                                                                                                             
R,     1,  1.00000000    ,  0.00000000    ,  0.00000000    ,  0.00000000    ,  0.00000000    ,  0.00000000    
N,     1, 0.150000000    , 0.275000000    ,  0.00000000    ,  0.00000000    ,  0.00000000    ,  0.00000000    
N,     2,  1.07000000    , 0.500000000E-01,  0.00000000    ,  0.00000000    ,  0.00000000    ,  0.00000000    
N,     3, 0.231805788    , 0.317885320    ,  0.00000000    ,  0.00000000    ,  0.00000000    ,  0.00000000    
N,     4, 0.319667361    , 0.346221153    ,  0.00000000    ,  0.00000000    ,  0.00000000    ,  0.00000000    
N,     5, 0.411354277    , 0.356820784    ,  0.00000000    ,  0.00000000    ,  0.00000000    ,  0.00000000    
N,     6, 0.503379587    , 0.349429486    ,  0.00000000    ,  0.00000000    ,  0.00000000    ,  0.00000000    
N,     7, 0.593028847    , 0.327127980    ,  0.00000000    ,  0.00000000    ,  0.00000000    ,  0.00000000    
N,     8, 0.679566541    , 0.294687030    ,  0.00000000    ,  0.00000000    ,  0.00000000    ,  0.00000000    
N,     9, 0.763100602    , 0.255114360    ,  0.00000000    ,  0.00000000    ,  0.00000000    ,  0.00000000    
N,    10, 0.843838269    , 0.210096534    ,  0.00000000    ,  0.00000000    ,  0.00000000    ,  0.00000000    
N,    11, 0.921917187    , 0.160604754    ,  0.00000000    ,  0.00000000    ,  0.00000000    ,  0.00000000    
N,    12, 0.997354480    , 0.107170860    ,  0.00000000    ,  0.00000000    ,  0.00000000    ,  0.00000000    
N,    13,  1.09000000    , 0.800000000E-01,  0.00000000    ,  0.00000000    ,  0.00000000    ,  0.00000000    
N,    14,  1.13022104    , 0.544301162E-02,  0.00000000    ,  0.00000000    ,  0.00000000    ,  0.00000000    
N,    15, 0.100000000    , 0.400000000    ,  0.00000000    ,  0.00000000    ,  0.00000000    ,  0.00000000    
N,    16, 0.159111293    , 0.474903145    ,  0.00000000    ,  0.00000000    ,  0.00000000    ,  0.00000000    
N,    17, 0.226233743    , 0.542690380    ,  0.00000000    ,  0.00000000    ,  0.00000000    ,  0.00000000    
N,    18, 0.302549922    , 0.599834641    ,  0.00000000    ,  0.00000000    ,  0.00000000    ,  0.00000000    
N,    19, 0.389050978    , 0.639591939    ,  0.00000000    ,  0.00000000    ,  0.00000000    ,  0.00000000    
N,    20, 0.483266839    , 0.651503930    ,  0.00000000    ,  0.00000000    ,  0.00000000    ,  0.00000000    
N,    21, 0.575760422    , 0.629692285    ,  0.00000000    ,  0.00000000    ,  0.00000000    ,  0.00000000    
N,    22, 0.659819697    , 0.584784910    ,  0.00000000    ,  0.00000000    ,  0.00000000    ,  0.00000000    
N,    23, 0.735797053    , 0.527096603    ,  0.00000000    ,  0.00000000    ,  0.00000000    ,  0.00000000    
N,    24, 0.805345304    , 0.461752965    ,  0.00000000    ,  0.00000000    ,  0.00000000    ,  0.00000000    
N,    25, 0.869784801    , 0.391348193    ,  0.00000000    ,  0.00000000    ,  0.00000000    ,  0.00000000    
N,    26, 0.930016129    , 0.317303422    ,  0.00000000    ,  0.00000000    ,  0.00000000    ,  0.00000000    
N,    27, 0.986618670    , 0.240445364    ,  0.00000000    ,  0.00000000    ,  0.00000000    ,  0.00000000    
N,    28,  1.03991935    , 0.161260121    ,  0.00000000    ,  0.00000000    ,  0.00000000    ,  0.00000000    
N,    29, 0.558598784E-01, 0.333198543    ,  0.00000000    ,  0.00000000    ,  0.00000000    ,  0.00000000    
N,    30, 0.160242754E-01, 0.263766886    ,  0.00000000    ,  0.00000000    ,  0.00000000    ,  0.00000000    
N,    31, 0.112397091E-01, 0.197192030    ,  0.00000000    ,  0.00000000    ,  0.00000000    ,  0.00000000    
N,    32, 0.836175376E-01, 0.230260813    ,  0.00000000    ,  0.00000000    ,  0.00000000    ,  0.00000000    
N,    33, 0.150000000    , 0.400000000    ,  0.00000000    ,  0.00000000    ,  0.00000000    ,  0.00000000    
N,    34, 0.370000000    , 0.542691221    ,  0.00000000    ,  0.00000000    ,  0.00000000    ,  0.00000000    
N,    35, 0.214931561    , 0.460011289    ,  0.00000000    ,  0.00000000    ,  0.00000000    ,  0.00000000    
N,    36, 0.288272406    , 0.509308639    ,  0.00000000    ,  0.00000000    ,  0.00000000    ,  0.00000000    
N,    37, 0.370000000    , 0.443676410    ,  0.00000000    ,  0.00000000    ,  0.00000000    ,  0.00000000    
N,    38, 0.200000000    , 0.350000000    ,  0.00000000    ,  0.00000000    ,  0.00000000    ,  0.00000000    
N,    39, 0.279694308    , 0.406599610    ,  0.00000000    ,  0.00000000    ,  0.00000000    ,  0.00000000    
N,    40, 0.126950396    , 0.288947808    ,  0.00000000    ,  0.00000000    ,  0.00000000    ,  0.00000000    
N,    41, 0.515071700E-01, 0.230902950    ,  0.00000000    ,  0.00000000    ,  0.00000000    ,  0.00000000    
N,    42, 0.308926308E-01, 0.251492469    ,  0.00000000    ,  0.00000000    ,  0.00000000    ,  0.00000000    
N,    43, 0.889364899E-01, 0.326936449    ,  0.00000000    ,  0.00000000    ,  0.00000000    ,  0.00000000    
N,    44,  1.07000000    , 0.950000000E-01,  0.00000000    ,  0.00000000    ,  0.00000000    ,  0.00000000    
N,    45, 0.770000000    , 0.410761677    ,  0.00000000    ,  0.00000000    ,  0.00000000    ,  0.00000000    
N,    46,  1.01591408    , 0.163549367    ,  0.00000000    ,  0.00000000    ,  0.00000000    ,  0.00000000    
N,    47, 0.958977070    , 0.229749639    ,  0.00000000    ,  0.00000000    ,  0.00000000    ,  0.00000000    
N,    48, 0.899176190    , 0.293373191    ,  0.00000000    ,  0.00000000    ,  0.00000000    ,  0.00000000    
N,    49, 0.836310169    , 0.353966247    ,  0.00000000    ,  0.00000000    ,  0.00000000    ,  0.00000000    
N,    50, 0.990000000    , 0.130000000    ,  0.00000000    ,  0.00000000    ,  0.00000000    ,  0.00000000    
N,    51,  1.04079011    , 0.833177795E-01,  0.00000000    ,  0.00000000    ,  0.00000000    ,  0.00000000    
N,    52,  1.09493886    , 0.407831523E-01,  0.00000000    ,  0.00000000    ,  0.00000000    ,  0.00000000    
N,    53, 0.770000000    , 0.323674930    ,  0.00000000    ,  0.00000000    ,  0.00000000    ,  0.00000000    
N,    54, 0.920817095    , 0.199182543    ,  0.00000000    ,  0.00000000    ,  0.00000000    ,  0.00000000    
N,    55, 0.847498938    , 0.263965346    ,  0.00000000    ,  0.00000000    ,  0.00000000    ,  0.00000000    
N,    56, 0.410000000    , 0.550936340    ,  0.00000000    ,  0.00000000    ,  0.00000000    ,  0.00000000    
N,    57, 0.720000000    , 0.448477469    ,  0.00000000    ,  0.00000000    ,  0.00000000    ,  0.00000000    
N,    58, 0.493396596    , 0.550994430    ,  0.00000000    ,  0.00000000    ,  0.00000000    ,  0.00000000    
N,    59, 0.574058496    , 0.529464173    ,  0.00000000    ,  0.00000000    ,  0.00000000    ,  0.00000000    
N,    60, 0.649499790    , 0.493463810    ,  0.00000000    ,  0.00000000    ,  0.00000000    ,  0.00000000    
N,    61, 0.720000000    , 0.357342252    ,  0.00000000    ,  0.00000000    ,  0.00000000    ,  0.00000000    
N,    62, 0.410000000    , 0.451392438    ,  0.00000000    ,  0.00000000    ,  0.00000000    ,  0.00000000    
N,    63, 0.492423036    , 0.451099786    ,  0.00000000    ,  0.00000000    ,  0.00000000    ,  0.00000000    
N,    64, 0.572509210    , 0.431237220    ,  0.00000000    ,  0.00000000    ,  0.00000000    ,  0.00000000    
N,    65, 0.648303475    , 0.398413118    ,  0.00000000    ,  0.00000000    ,  0.00000000    ,  0.00000000    
N,    66, 0.655467070E-01, 0.320365938    ,  0.00000000    ,  0.00000000    ,  0.00000000    ,  0.00000000    
MAT,     1
EN,      1,     52,      2,     14,     14
EN,      2,     52,     51,      2,      2
EN,      3,     51,     12,      2,      2
EN,      4,     51,     50,     12,     12
EN,      5,     45,     57,     61,     61
EN,      6,     45,     24,     57,     57
EN,      7,     46,     44,     13,     28
EN,      8,     53,     61,      9,      9
EN,      9,     53,     45,     61,     61
EN,     10,     38,     40,      1,      1
EN,     11,     31,     32,     41,     41
EN,     12,     42,     30,     31,     31
EN,     13,     41,     42,     31,     31
EN,     14,      1,     40,     41,     32
EN,     15,     13,     44,     52,     14
EN,     16,     50,     54,     11,     12
EN,     17,     54,     55,     10,     11
EN,     18,     10,     55,     53,      9
EN,     19,      3,     39,     38,      1
EN,     20,      4,     37,     39,      3
EN,     21,     42,     43,     66,     66
EN,     22,     42,     66,     29,     30
EN,     23,     43,     15,     29,     66
EN,     24,     33,     16,     15,     43
EN,     25,     35,     17,     16,     33
EN,     26,     35,     36,     18,     17
EN,     27,     36,     34,     19,     18
EN,     28,      4,      5,     62,     37
EN,     29,     62,     56,     34,     37
EN,     30,     56,     20,     19,     34
EN,     31,     58,     21,     20,     56
EN,     32,     58,     59,     22,     21
EN,     33,     59,     60,     23,     22
EN,     34,     57,     24,     23,     60
EN,     35,     28,     27,     47,     46
EN,     36,     27,     26,     48,     47
EN,     37,     26,     25,     49,     48
EN,     38,     24,     45,     49,     25
EN,     39,     61,     65,      8,      9
EN,     40,     65,     64,      7,      8
EN,     41,     64,     63,      6,      7
EN,     42,      6,     63,     62,      5
MP,EX,     1,  0.200000000E+12
MP,DENS,     1,   8000.00000    
MP,KXX,     1,   12.5000000    
MP,PRXY,     1,  0.300000000    
MP,	CTEX, 	1, 	13e-6
ACEL,  0.00000000    ,  0.00000000    ,  0.00000000                                                                     
D,    34,UX,  0.00000000    
D,    34,UY,  0.00000000    
D,    37,UX,  0.00000000    
D,    37,UY,  0.00000000    
SFC,     1,     2,CONV,0,  1000.00000    ,  1400.00000    
SFC,     2,     1,CONV,0,  500.000000    ,  130.000000    
SFC,     3,     2,CONV,0,  1000.00000    ,  1400.00000    
SFC,     4,     1,CONV,0,  500.000000    ,  130.000000    
SFC,     5,     2,CONV,0,  500.000000    ,  130.000000    
SFC,     7,     1,CONV,0,  500.000000    ,  130.000000    
SFC,     7,     3,CONV,0,  1000.00000    ,  1400.00000    
SFC,     9,     1,CONV,0,  500.000000    ,  130.000000    
SFC,    10,     1,CONV,0,  500.000000    ,  130.000000    
SFC,    11,     1,CONV,0,  1000.00000    ,  1400.00000    
SFC,    12,     2,CONV,0,  1000.00000    ,  1400.00000    
SFC,    13,     1,CONV,0,  500.000000    ,  130.000000    
SFC,    14,     2,CONV,0,  500.000000    ,  130.000000    
SFC,    14,     4,CONV,0,  1000.00000    ,  1400.00000    
SFC,    15,     2,CONV,0,  500.000000    ,  130.000000    
SFC,    15,     4,CONV,0,  1000.00000    ,  1400.00000    
SFC,    16,     1,CONV,0,  500.000000    ,  130.000000    
SFC,    16,     3,CONV,0,  1000.00000    ,  1400.00000    
SFC,    17,     1,CONV,0,  500.000000    ,  130.000000    
SFC,    17,     3,CONV,0,  1000.00000    ,  1400.00000    
SFC,    18,     2,CONV,0,  500.000000    ,  130.000000    
SFC,    18,     4,CONV,0,  1000.00000    ,  1400.00000    
SFC,    19,     2,CONV,0,  500.000000    ,  130.000000    
SFC,    19,     4,CONV,0,  1000.00000    ,  1400.00000    
SFC,    20,     2,CONV,0,  500.000000    ,  130.000000    
SFC,    20,     4,CONV,0,  1000.00000    ,  1400.00000    
SFC,    21,     1,CONV,0,  500.000000    ,  130.000000    
SFC,    22,     3,CONV,0,  1000.00000    ,  1400.00000    
SFC,    23,     2,CONV,0,  1000.00000    ,  1400.00000    
SFC,    24,     2,CONV,0,  1000.00000    ,  1400.00000    
SFC,    24,     4,CONV,0,  500.000000    ,  130.000000    
SFC,    25,     2,CONV,0,  1000.00000    ,  1400.00000    
SFC,    25,     4,CONV,0,  500.000000    ,  130.000000    
SFC,    26,     1,CONV,0,  500.000000    ,  130.000000    
SFC,    26,     3,CONV,0,  1000.00000    ,  1400.00000    
SFC,    27,     1,CONV,0,  500.000000    ,  130.000000    
SFC,    27,     3,CONV,0,  1000.00000    ,  1400.00000    
SFC,    28,     1,CONV,0,  1000.00000    ,  1400.00000    
SFC,    29,     1,CONV,0,  500.000000    ,  130.000000    
SFC,    29,     3,CONV,0,  500.000000    ,  130.000000    
SFC,    30,     2,CONV,0,  1000.00000    ,  1400.00000    
SFC,    31,     2,CONV,0,  1000.00000    ,  1400.00000    
SFC,    31,     4,CONV,0,  500.000000    ,  130.000000    
SFC,    32,     1,CONV,0,  500.000000    ,  130.000000    
SFC,    32,     3,CONV,0,  1000.00000    ,  1400.00000    
SFC,    33,     1,CONV,0,  500.000000    ,  130.000000    
SFC,    33,     3,CONV,0,  1000.00000    ,  1400.00000    
SFC,    34,     2,CONV,0,  1000.00000    ,  1400.00000    
SFC,    34,     4,CONV,0,  500.000000    ,  130.000000    
SFC,    35,     1,CONV,0,  1000.00000    ,  1400.00000    
SFC,    35,     3,CONV,0,  500.000000    ,  130.000000    
SFC,    36,     1,CONV,0,  1000.00000    ,  1400.00000    
SFC,    36,     3,CONV,0,  500.000000    ,  130.000000    
SFC,    37,     1,CONV,0,  1000.00000    ,  1400.00000    
SFC,    37,     3,CONV,0,  500.000000    ,  130.000000    
SFC,    38,     2,CONV,0,  500.000000    ,  130.000000    
SFC,    38,     4,CONV,0,  1000.00000    ,  1400.00000    
SFC,    39,     1,CONV,0,  500.000000    ,  130.000000    
SFC,    39,     3,CONV,0,  1000.00000    ,  1400.00000    
SFC,    40,     1,CONV,0,  500.000000    ,  130.000000    
SFC,    40,     3,CONV,0,  1000.00000    ,  1400.00000    
SFC,    41,     1,CONV,0,  500.000000    ,  130.000000    
SFC,    41,     3,CONV,0,  1000.00000    ,  1400.00000    
SFC,    42,     2,CONV,0,  500.000000    ,  130.000000    
SFC,    42,     4,CONV,0,  1000.00000    ,  1400.00000    
FINISH

/SOLU
antype, thermstat
FINISH
